41.852 38.75 69.69 170.83 45 219.74
115.329 51.87 113.46 230.06 25 181.22
99.628 53.79 113.54 228.19 65 179.06
49.409 53.84 118.75 117.73 65 281.30
72.958 49.17 119.72 117.69 25 282.2
107.702 47.61 168.38 173.46 45 216.14
97.239 64.19 169.85 169.85 45 223.88
105.856 52.73 169.85 170.86 45 222.8
99.438 51 170.89 173.34 25 218.12
100.008 43.18 171.43 171.43 45 219.2
175.38 71.23 171.59 263.49 45 168.62
117.8 49.3 171.63 171.63 45 217.58
217.409 50.87 171.93 170.91 10 219.92
41.725 54.44 173.92 71.73 45 296.6
151.139 47.93 221.44 217.39 65 189.14
220.63 42.91 222.74 221.73 25 285.8
80.537 64.94 231.19 113.52 65 286.34
152.966 43.18 236.84 167.77 45 221.72