x1	x2	x3	x4	x5	x6	x7	x8
-1.034642257	-0.314894991	-1.770680654	-0.981130257	-0.305698158	-1.148355467	0.017250864	0.607179519
0.939217589	1.688812167	1.499788142	1.481662073	0.620672039	0.563024484	-0.317802454	0.29538071
-0.626335132	0.306152102	-1.309640643	-0.852969315	0.475006479	-0.975191786	-0.234142765	0.781382327
0.71348049	0.060970902	-0.076621736	0.580182467	0.749119129	-0.690259006	0.032098001	0.337138005
1.561620831	0.379228141	0.912557501	1.289447669	-0.192852455	1.38598327	1.824518527	1.211199012
0.271074693	0.431728862	0.346655699	0.026016962	0.431758719	1.325826635	-0.646060622	-0.015716038
-0.177723019	-0.053726871	-0.278929714	0.088972146	2.153680145	2.276674805	1.996268364	1.39207511
0.360331031	-1.353826956	-0.612365271	-0.322400956	-1.446790616	-0.351673723	0.330629757	0.119489265
-3.375832817	-1.66099031	-2.409850587	-1.52282594	-0.03506563	-0.290674843	-0.857425731	-1.477172154
0.196603688	-0.347699202	0.197339681	0.11867977	-2.147667813	-1.716884157	-0.514812967	-0.17398097
-0.055666779	0.112388708	0.11312048	0.535180551	-1.765679629	-1.672093123	-0.081915807	0.292593609
0.200282562	-0.607117191	-0.091574763	-0.289074639	1.547786216	1.748596788	1.337551418	0.779527246
-0.359446453	0.066131453	0.353072768	-0.238058867	-1.078024288	-0.941327629	-1.273602706	-0.609654581
0.037048913	-0.987507977	0.217532125	1.049921289	-0.442199784	0.248548938	0.40516615	-1.040875996
0.107767857	-0.31293112	0.044255165	0.517659978	-0.739509732	-0.291652182	-0.618853866	-0.669899595
0.307548429	3.510581978	2.66468688	1.753950842	0.245700967	-0.590312576	0.297602447	-0.917123179
1.451405372	0.626412384	0.513982043	0.053893285	0.409701328	-0.320373884	0.445490051	0.488356277
0.192350732	0.844263436	0.124311536	1.094744414	1.044985718	-0.340646705	0.85730867	0.685804405
0.046929012	-0.583868218	-0.685412684	0.173607853	0.585685456	0.690700834	0.347861962	0.328167061
0.029515834	-0.420632282	-0.446260502	-0.689813363	2.470898979	-0.579404486	-0.354125948	-0.705091384
-0.585165742	-1.232308325	-0.720529007	-1.25630758	0.636251809	0.911136674	-0.105026369	0.73457858
1.599794345	1.759903345	1.87422886	0.791881341	0.378300673	2.070927569	0.111315634	-0.516088467
1.506275619	-0.141094478	0.590162642	1.128585394	-0.781442538	-0.604505176	1.039275556	-0.756405266
-0.178923894	0.605491934	-0.357281022	-0.678756595	0.83264802	0.750921936	0.412591293	-0.168315383
0.616360232	-0.422724787	0.553253695	-0.275994393	1.171843869	2.418205973	-0.06255783	-0.99531088
0.678528945	1.033149387	-0.053434365	0.60770117	0.070375971	0.589037978	0.702265553	1.193421331
-0.003435488	0.820546807	0.12978451	0.700122031	-1.516533278	-2.509004604	-1.811102451	-0.759967594
-0.790765749	-0.665737218	-0.275841959	-0.585352863	0.668679907	2.224984959	0.886641654	0.725335203
0.368160603	-0.073902378	1.82158842	-0.280310889	0.210905423	-0.62074814	1.141719261	-0.394873059
-0.456303279	-1.379105911	-1.654263676	-1.321143236	-0.007718742	-1.317729809	-0.994409778	-2.202063666
0.923379674	0.694647423	0.180660875	0.048059055	-0.856273307	-0.143754508	0.633005254	1.459976415
0.956223843	-0.250336798	0.551358274	0.571562095	0.564909709	-0.224034102	0.285772184	0.592968759
0.753399627	-0.088409438	-0.031121074	1.029878618	-2.970819187	-2.077795238	-1.220966264	-1.685728777
-0.452249774	-0.627206796	0.8554208	0.68326164	0.153599806	-0.385888766	-0.710523943	-1.141449966
-1.507128159	-1.335695648	-1.237275455	-0.944825057	-0.054644704	-1.784062525	-0.245765041	0.567974165
-0.269218938	-0.673891328	-0.218616662	0.041247887	0.52694963	1.297432713	-0.696951072	0.060876218
-0.269370661	0.871621749	-0.374060232	0.609005943	0.731605403	1.619054393	1.384443285	1.716712515
-0.646825265	0.07272921	-0.856441858	-1.054588611	-1.189386665	0.720599223	0.85764947	-0.830905165
0.572657437	0.590286795	0.820223754	0.496050161	2.287647412	2.6552077	2.136470179	0.426659125
-0.593617061	-0.784019175	-0.869406845	-0.53507924	-1.849975816	-2.515093821	-1.53914268	-1.196976366
-0.517810051	-0.161924216	-0.09294177	-0.673958119	-0.213176009	0.128896643	0.786588605	0.298709575
-0.38931332	-1.012683726	1.397312256	0.426433139	-0.41298975	-0.20206346	1.031153104	0.339089373
1.91515683	1.684507994	1.634174526	2.030512717	-0.765721719	-0.083450773	-0.365244015	-0.095755745
0.369142717	-0.83942888	0.451398095	-0.712868096	1.517532597	0.863068231	1.014935967	0.324374791
-0.772452711	-0.574838484	-1.645576553	-1.460671294	1.605833875	-0.646993574	0.659356784	1.09823372
1.015211783	-0.99178352	0.595109607	0.506294719	0.403919712	0.909951097	0.143483575	-0.217770744
0.243255085	0.007058106	0.769861217	-0.658382528	-0.560567905	-0.940348706	-0.936110275	-0.851374733
-0.721988075	0.090364516	0.480070942	-0.516901135	-1.318604824	-0.920424798	-0.595382467	-1.256791952
0.700431063	0.848642577	0.91511956	0.326396948	0.183466366	1.335577723	0.840114786	0.869431549
0.742377465	1.197525385	0.758410382	-0.60815056	0.691738357	0.897573297	0.599378707	0.660282733
0.122293547	-0.49478574	0.979336333	0.898180539	-1.43638864	-0.103935326	0.577669212	-0.047385405
-0.8992888	-1.542024349	-1.046827875	0.239926496	0.291128076	-0.693301944	-0.247994737	-1.177819193
-0.633736036	-0.357445623	0.307645037	0.066387429	-0.509501855	0.569603996	0.024332622	-1.414507455
0.605977617	0.373730926	-0.167293368	0.865495421	-0.601289562	-2.275138565	-0.31247082	-0.260942318
-0.902402437	-2.211305938	-0.353925585	-0.439310858	-0.063870156	-1.030057749	-0.163863224	-0.362032594
-1.108804773	-0.405929776	-0.653237274	0.129077254	-0.587202852	0.777790237	0.049559513	-0.532133112
-1.024374267	0.526505902	-1.205636901	0.102159472	-0.564801878	-0.928381312	-0.053921963	-1.875261999
-1.207150656	-2.379321994	-0.556670155	-1.393826466	0.622507996	0.807948124	-1.214548526	0.640749801
1.292284885	0.325469911	0.224889799	1.143459025	1.343524177	0.055512035	1.702357752	1.712285949
0.674811212	-0.007910332	-0.4135568	0.529360588	-0.062318466	-1.178314324	0.249606909	-1.054923673
0.688209126	1.267377643	-0.029584787	0.856061574	-1.280598013	-1.409340844	-1.706155108	-0.050316207
-0.168567727	-1.02800199	0.193833196	0.33288468	0.462717598	-0.289245549	0.442649203	-0.389000888
-1.249709849	-2.270253752	-0.407639968	-1.308577651	1.087329719	0.493986748	0.401958904	0.619097379
0.887057392	0.835312805	0.676090102	0.278798958	-0.276320916	0.212748026	0.556525555	-0.361199558
-0.014169052	0.856622625	1.807459191	-0.16809631	0.26017153	1.659508732	1.386538444	1.373928269
-1.634560935	-1.178393179	-1.652366768	-2.0447998	0.000670557	-1.236374502	-0.875236653	0.175630396
-0.676771783	-1.816932281	-1.559222696	-0.862167072	0.04210671	-0.695823479	0.001467806	-1.670460063
1.515483212	0.083003742	0.582466567	1.378450092	-1.196305485	-0.290001729	-0.117809323	-0.380041779
-0.494967196	-1.280429608	-0.022421436	-0.153802895	0.351079525	0.6396441	1.327906194	0.440934436
-0.123982078	-0.067234361	-0.755651278	-0.552937381	0.431158343	1.386749351	0.730193724	0.230273821
0.730748873	-1.363069024	0.743434467	-0.569455828	0.262660826	0.080882921	-0.667813948	0.034578093
0.91880657	-0.746788009	0.091155871	1.055644506	-1.157576183	-1.692582511	-1.39893625	-1.065404198
1.258431881	0.040889609	-0.44700404	-1.742890366	-3.435895121	-1.479192081	-0.580424996	-1.35239805
-1.675100251	-0.799112357	-0.607404963	-0.152991114	0.193730787	-0.659221353	-0.000235205	-0.371704467
1.47133473	0.080094151	-0.727091023	0.432502361	0.746335627	0.584436709	-0.163308399	1.409515133
0.189274242	-0.846244104	-2.065488977	-1.021667683	-0.523964325	-1.196757153	-0.650520575	-0.112857709
-0.00558642	1.208383867	2.659581354	0.651407969	-0.19801309	-0.792554413	-0.781260455	1.578911075
-0.781785373	-0.651974357	0.939218678	-0.795968277	0.809168217	2.547596436	1.237372036	0.230266018
1.192131298	2.325717969	0.4781334	0.672837751	0.938241241	1.923738483	0.917950832	1.285790032
-2.149150425	-2.589398996	-1.232960342	-1.707159097	-1.356505321	-0.578807213	0.183207296	-1.292338988
0.402339213	0.280854701	0.213500854	-1.143913335	-1.507826074	0.023324307	0.241210288	-1.096570447
0.233438146	-0.466256659	0.42465239	-0.306785432	0.296065945	-0.431857529	-0.656720517	-0.112119801
-2.382346785	-1.488278996	-2.941961905	-1.71309432	-0.389799069	-0.669806044	1.100934017	-0.531786969
-0.098528179	-1.966743465	-1.688502487	-0.739593533	-0.651018008	0.82069001	-1.10578854	0.731862988
-0.578071988	0.579168322	0.719110537	0.054939862	0.378533184	1.589019594	-0.593585498	0.624044436
-0.756612626	-1.506548451	-0.894290796	-1.812323001	-0.678049179	0.74131551	0.537264402	1.017509239
-1.286743071	-0.775228479	-0.696214326	-0.298489683	-2.11389581	-0.364473996	-2.139553153	-2.268079896
-0.088455534	0.364337223	-0.50206682	0.016185503	0.26184347	0.699972451	-1.404626674	-0.503179765
-0.580551237	0.615443695	-0.601800974	0.653510443	0.967855778	-0.683858774	0.531071011	-1.074475577
0.367212589	-0.911012408	-0.38422504	0.101585582	-0.424998194	0.223140025	0.154935162	-0.028187195
-0.30426215	-0.25823068	0.190520463	-0.17744105	-0.688008101	0.22563869	0.488153103	0.780102671
-0.522252151	1.133580521	-0.321383076	0.524267483	0.871711269	0.363686436	0.005898324	0.228197962
-0.425685168	-0.019633502	-0.163294898	-0.978182909	-0.782967419	-0.587423901	0.056726398	-0.537246354
-0.471894089	-0.607366188	0.55407434	-0.325682032	-0.700573386	0.061998295	-0.529373524	1.19017009
-0.344245056	0.142220708	0.197789682	0.175439679	0.244218486	-1.233837823	-0.971244049	0.739994083
-1.726200054	-1.500574355	-2.113251346	-0.644694009	-1.117098144	-0.191306775	-1.335448712	-0.846929
0.125002755	-0.323263046	-0.925957713	-0.978547945	0.179638074	-0.741996379	0.241398878	-0.767367269
-0.55409462	-0.058849213	-1.211737199	-0.99275422	2.77364981	2.101444166	0.679670865	-0.561538039
0.653583423	-1.005871436	-0.595473195	-0.077507328	-0.680279634	-1.926800341	-0.363704993	-1.447881999
-1.373681866	-1.104086672	-0.977393191	-0.307224858	0.389375866	0.091562013	0.006608287	-1.018077072
-2.204312054	-1.647237908	-2.022606112	-3.485024694	1.438367003	1.120640173	-0.134545001	0.00562797
0.670319844	0.996638279	0.874774854	0.343347579	1.164108606	0.200385213	1.054280784	-0.086831605
-0.37987984	0.246247586	-0.013869118	0.750596331	0.789108943	0.965451297	0.791151502	1.294584973
-0.527824329	-0.878038065	-0.066047704	-0.896799236	0.064988011	-0.121498855	-0.712479909	-1.452738116
1.812213965	1.555133727	1.768539718	1.099261415	-0.374526945	0.344963916	1.667953812	-0.340763549
0.816385248	1.089396897	0.090569919	0.280697029	-1.610371172	-0.691611128	-0.52441031	-0.83447902
-0.165000992	0.693612292	-0.582765768	-0.217924265	1.690802724	0.226918389	-0.694276342	0.177805901
0.244447062	0.368609893	-0.225070388	-1.162326477	1.579578468	0.817902908	0.56398503	1.456889001
1.387139266	-0.031615959	0.53640299	1.757487893	0.512413554	1.335057256	0.055030215	0.501060666
0.340156547	-0.115750966	-0.895424746	-0.160201609	-0.120804301	0.871284991	0.864449734	-1.269172891
0.394640116	0.176091332	1.22426152	1.481122596	-0.495423798	0.501261365	0.183764702	0.732648206
-0.560529228	0.654409631	-0.264010483	-0.422651673	-0.252189699	-1.002244426	-1.576982635	0.238138651
0.484631644	-0.181568525	-1.141764084	-1.288572711	1.926555793	1.120423786	0.427673635	-0.53825636
-0.374777977	-0.23689243	-0.71442927	0.444910018	1.135218918	0.300285016	1.845009582	0.81408707
-1.499835754	-0.942913312	-1.186854918	-2.368674272	-1.532034206	-0.17067464	-1.091199751	-0.91499926
-0.578581791	0.246878197	0.481739004	-1.127518943	0.102528919	-0.208625549	0.741461016	0.055606843
2.372253067	0.990737924	1.302618316	1.223423233	0.048007063	-0.161441448	0.364208826	-1.245626759
-0.161697059	-0.304196662	-0.175066676	-1.420531411	-0.8700709	-2.247824424	-0.817576504	-1.103501635
1.364219832	1.294965855	0.563921918	1.135822935	1.209216393	3.394706933	0.832549218	0.458251981
1.663834318	1.317457907	1.121375289	1.634114395	1.365692962	1.657474808	0.801925323	2.000732962
0.69388021	0.2493853	-0.019609804	0.103900642	0.20244115	1.368200103	1.042662914	0.184276883
0.2895639	-0.664539166	0.186557528	-0.683387203	-0.438699075	0.072656172	-0.674648934	0.515341204
0.651312891	-0.802072194	-0.520796122	0.341210283	1.483684906	0.498783054	1.362989728	0.701657898
-0.874816423	-0.215538519	-0.756106637	-0.634717654	-0.993843749	0.679000339	0.100563919	-0.403224246
0.12334311	0.225441919	0.630785514	0.904088794	-0.323775088	1.597727878	0.141915662	0.541532374
0.542533871	0.560071209	0.327763363	1.337542424	0.139617959	-0.073358204	0.283495092	-0.004168363
-2.433779264	-0.581393784	-0.830658874	-1.526282123	-1.576107341	-0.610111481	0.790083563	-2.883423106
0.220436761	0.402934332	-0.377606736	1.501453797	-0.00129976	0.878563531	-0.133449503	1.220972353
1.411606102	-0.0268427	0.08458345	-0.097255155	0.653523506	0.911158366	1.650285319	0.235609754
-2.187043875	-1.099141985	-0.397219663	-1.182752345	-1.456144229	-1.254129415	-1.463071625	0.382226976
-0.377459515	-0.483241814	-1.28287887	0.159170456	0.187926672	-1.542290368	0.332028987	0.17246295
-0.172523927	0.157947804	0.63470555	0.195588459	-1.562756193	-0.898045765	-0.679346642	-1.847927765
2.623187512	1.318474024	0.241016612	0.928131605	1.374647966	1.063466145	1.028024994	0.525827706
-0.880946078	-0.9313798	-0.743650908	-1.079256303	-1.59902798	-1.691461125	-0.524201232	-1.271917315
0.812804067	0.226189516	-0.15344853	0.804261906	-1.001837689	-0.709523497	-0.153812826	-0.783242264
-0.469388614	0.16128728	-0.93598687	0.163003081	-0.17356782	0.057324511	0.226717966	-0.042816368
-0.285767234	-2.381588513	-0.95510191	-0.932413943	-0.783323901	0.923358175	0.549303719	-0.787809321
-0.63352297	0.572239324	-1.51515742	-0.277924153	-0.479361813	0.132945796	-0.598790088	1.263402113
-0.435833618	-0.8457498	-0.244578223	-0.955460188	-1.233269656	0.238894726	-0.100576248	0.337925264
-0.52033722	-1.009055841	0.06601589	-0.58513608	-1.291512844	-0.921810639	-0.943692571	-0.432839544
1.896322633	-0.698609399	0.636626498	1.091207896	0.520215055	0.318223465	0.860675162	2.053205693
0.055671795	-0.753861509	0.557173156	0.424525921	0.115077624	1.242292156	-0.621839973	-2.175411051
-1.136321882	-0.520757622	-0.745682229	-1.250672795	-0.073554812	0.708614576	1.226310319	1.195424554
-3.162503016	-2.996644944	-2.995073191	-2.908583648	1.824982421	1.197045566	2.409132626	1.484100706
0.123940859	-0.191959648	0.346816023	-0.045220423	0.755321804	2.320993206	1.330166078	2.192790157
1.365125215	-1.28549451	-1.762206385	-0.000927351	-0.808315358	-0.567747273	0.377405074	0.222121895
0.655154488	0.888541882	1.138701411	1.672037931	-0.188423649	0.902601007	0.532335826	-0.062028124
1.493313254	0.097911837	-0.322236818	-0.771612621	-0.322815848	-0.312460783	0.296858602	0.60805813
-0.067408603	1.228398059	1.909250616	0.266496436	-0.16773214	0.292551038	-0.760699717	0.395373037
-0.220191922	-0.182810278	-0.823361952	-0.420172807	-0.148052771	0.257039275	0.472713364	-1.00316605
0.399356817	-0.830601601	0.357917589	0.702154584	-1.353927892	-0.427671399	-0.409370604	-0.690534965
1.834405685	3.05600159	1.895349976	1.503662995	1.498491623	3.429134045	1.678318294	1.208535167
0.430984123	0.837797721	1.628999473	2.185244682	1.615413463	0.190694066	0.985449026	1.538818215
-0.835936206	-0.204848419	-0.434254049	-0.767062194	-0.272628418	-0.74427373	-0.706905555	-0.286405917
-0.568628553	-0.833619417	0.579004292	-0.576157805	0.963545946	1.036352784	0.432958223	0.149816741
-1.156294866	-0.413397741	0.191288341	-0.415168224	-1.062403913	-1.141743234	-0.464195062	-0.812284097
0.729084799	0.6469692	0.441211062	0.944920367	0.914935675	1.035256214	1.490719045	-0.891725099
0.861314949	-0.294005092	1.046809761	0.128388867	0.274430743	-1.234565858	1.24220022	1.179820414
1.337635144	1.292491586	1.03107487	1.436974078	-1.05862912	-0.25298407	-2.267379027	-0.566333255
0.268452754	0.63171243	0.349798521	0.906818472	0.358082689	1.327700477	-0.518106766	-1.236170203
-0.359686123	-0.170918375	0.735946552	-0.577676626	-1.525908312	-2.149499033	-0.777002013	-1.38686013
-0.280107546	0.367535699	0.767596744	0.713908904	-1.232556842	-1.508442436	-0.908018005	-0.952962417
0.552701917	-0.303766835	-0.748188475	-0.530111402	-0.004416617	0.512760827	-1.41703783	0.058521964
0.268566468	-0.392847281	0.178815563	-1.019062734	-0.154200075	0.554502277	1.111262282	0.383695488
-1.459719444	-0.632963877	-1.174990602	-1.193358664	0.944317232	0.8434132	1.94968868	0.278810868
2.004257397	0.285257212	-0.02611431	0.481724227	1.853704673	1.585591488	1.089082777	0.57854601
-0.036950521	1.314762111	0.961910889	0.354218663	-0.867764317	1.20937777	-0.86948816	-0.583422367
0.36323859	0.57326062	0.77877267	-0.452428382	-0.219710314	0.242421469	-0.037068758	-0.317744568
0.786004487	-0.2476559	0.718826059	-0.149489656	-0.135909723	0.897402011	-0.266712372	0.203331463
0.526741486	0.522833752	0.711392729	0.791181256	-0.067582489	-1.165492609	0.322234136	-2.25001683
-0.300649537	-0.23305206	-0.749482549	-0.941524364	1.081285634	1.837020712	1.606618024	2.46059844
-0.117425967	-0.517037533	-0.125924537	-0.716004965	-0.68624927	-0.863623619	-1.352894763	-0.133175467
-0.604068496	-0.935524437	-0.653692413	-1.064960619	-1.475370213	-1.655423056	-1.079552666	-0.21074485
-2.894743405	-3.046769898	-1.78115923	-3.124334999	0.578358209	-0.028675222	-0.275256888	-0.241518995
-1.46860879	-1.164572298	-0.640607195	-1.901207857	0.363264772	-0.484801493	-0.229890476	-0.128633123
1.027120005	1.403901248	1.339009853	0.870396573	0.979187556	0.298974994	-0.164978009	1.3128401
0.301111086	-1.238235875	0.62148194	-0.373427966	-0.186781621	1.046202909	1.246599089	0.754300299
0.995844408	-0.189128607	-0.295974837	-0.01295933	0.345411525	0.794174537	0.356409619	0.063703173
-2.663784906	-1.51857798	-2.144249363	-1.92140349	0.749158222	0.187048108	-0.558981486	-0.326124674
-1.279074753	0.274735935	-0.896870623	-0.25833211	-1.261839188	-0.992004283	-0.585028394	-1.495328658
-1.481333228	-0.944128913	-0.037370594	-0.127681941	-0.155838432	1.330909187	0.710726641	-1.382141524
0.513716277	-0.17265285	0.060310007	-0.005706784	-1.977425911	-1.863155489	-1.856215612	-1.274970496
-0.903325731	-0.77318935	-0.745457593	-1.512598275	-0.064418911	0.963805586	-0.810388902	0.1644679
-0.6293566	0.32878283	1.295911512	-0.514330191	-0.713174516	-0.425093449	-0.361614681	-1.061340498
-0.882732491	0.804568262	-0.267586669	0.68614741	0.072715237	-1.062487667	-0.392153511	-1.237909562
0.80940342	0.912212148	1.2941179	1.216098606	0.189509053	-0.021878667	0.031594819	-0.160669587
-0.905187241	-0.072562798	-1.583286155	-1.604289935	1.672590546	0.939342559	0.615811313	0.997254206
0.554980605	0.002804304	-0.111510485	0.193955127	0.222021517	-1.356812066	0.654823496	0.664858127
-0.832296245	-0.142854681	-0.447270957	0.039017817	2.754172234	0.670551357	1.312399636	2.001356994
-1.465968547	-2.011972891	-2.001516771	-2.132592908	1.692684731	1.890088804	-0.600292865	0.199710159
-0.571224412	0.780989673	-0.25107046	1.098962545	1.546526705	0.910773935	0.298253057	1.507125789
-0.147989378	-0.945672349	0.763276641	-0.290711921	-0.022048921	0.762468209	-0.628312468	0.894307232
1.410380966	1.610731269	1.616662811	1.560506275	0.67673461	0.32364238	-1.773055533	0.886545374
1.074631859	0.717785484	1.04443035	0.705503221	0.417571155	0.628512745	0.852680101	-1.342756664
-1.102548164	-0.960246684	-2.19555183	-1.392904801	-0.625540161	0.523480604	1.207379785	-0.372219896
-0.545339025	-1.197273511	0.086775637	-1.150078266	0.0965446	0.957355536	0.0526471	1.608096284
0.909064694	1.201860482	0.35308221	0.695504902	0.420580263	0.153795972	1.273676763	0.725938872
0.351835701	-0.12776007	1.479538598	0.899044139	-0.882454094	0.299648716	-0.22660283	-1.039996921
-0.194058916	-0.18997662	-0.560961373	-1.021206879	1.062221989	0.302313648	-0.260477092	-0.249672408
-0.188648112	-0.163973204	-0.90698176	-0.030922394	0.337722107	1.170563353	0.821450736	1.07800956
0.887513488	-0.243615899	1.257228758	1.015990528	-0.726735028	-0.889579838	-1.597148459	-0.029999796
-0.0236715	-0.634397737	-1.065387033	-0.022085191	-0.337391345	-0.11311925	-0.178899557	-0.338890538
-0.144445441	-0.17976302	-0.302154998	-0.446805178	-0.170874541	0.462800126	2.304331741	-1.382133093
-1.622813645	-0.79324973	-1.937110861	-1.840983084	-1.476877316	-1.470507312	-0.153939369	0.354854876
-0.157657233	-1.197819311	-1.500103259	-0.325773303	0.431613209	0.24655593	0.826549771	-0.094470299
-0.347052002	-1.737255108	-0.222266465	-0.287768911	-0.545559651	-1.101035112	-0.406881583	0.303181753
-0.471478584	0.266839446	0.502587737	-0.74602123	0.346419818	-0.232938397	-0.962228709	-1.266831069
-1.462166176	-0.834032656	0.24353402	-2.115547067	-1.091775605	0.516932398	0.418680654	0.345299967
-0.225159569	-0.074156161	0.231614684	-1.120383293	0.393796241	1.228912229	0.242604124	0.46310502
0.79967532	1.014634967	0.053278596	0.197053028	0.968220443	1.705366682	1.183418325	0.656686335
0.388605925	-0.22389017	-1.378888894	-0.746106964	-1.347641365	-1.267514255	-1.32339416	-1.380519313
-0.420572531	-1.971315382	-0.739871171	-0.71388675	-0.480545285	1.604234954	0.92494009	1.966305967
1.08329997	2.527886141	0.222119615	0.771113795	1.164098892	0.33833935	0.249991585	1.647639691
0.449489243	-0.854606776	-0.693588135	0.226635863	0.510014191	-0.467306741	-0.112748264	-0.877407508
-1.201474448	0.763340153	0.617188429	0.043942674	-0.459585775	1.818617876	-0.203316686	0.264034106
2.105488398	0.817523204	1.625004837	1.112949971	1.470674213	0.240042998	-0.202501944	0.554604692
1.466831147	0.985628877	-0.079549077	1.001361837	-0.458292831	0.427132163	0.749147394	0.702089038
0.297880018	0.139885698	-0.389299781	-0.023971074	0.268416185	1.091882253	-0.037063441	0.714755133
-0.223795612	0.572363958	-0.428223322	-1.879320495	-0.587251053	0.245921472	-1.176391766	-0.108690121
-1.673170089	-0.371052517	0.534712869	-0.514960072	0.807376027	-0.07201876	-0.115778987	-0.486618086
0.465261804	-0.373942199	-0.220827964	-0.100923161	-0.641472273	1.012183689	0.920826539	0.923574789
-0.444308379	-0.340235124	0.492890592	-0.12716461	-0.586383434	-1.010707038	0.457771034	-0.261823804
-0.970764937	-0.845244553	-2.066247404	-1.204991992	-2.444362102	-0.831714129	-1.046317678	-1.566728261
2.708940985	0.371516599	0.607864982	0.150587035	0.948091209	-1.031028064	0.357733015	0.312269869
-0.230704641	0.255740063	0.896404962	-0.715225216	-0.707616683	1.180390795	0.654671276	0.433563401
1.974117187	0.51724442	0.475343114	1.140967104	-0.010548249	-0.583027948	-0.05502158	-1.227446933
-1.365897985	-2.040938947	-3.506536518	-2.47138671	-1.321458596	1.238042364	-0.266823215	-0.981710931
0.734377362	-0.218577334	0.093545275	0.467795093	1.25180228	0.61334371	1.342030539	0.622655176
0.44812187	0.40107147	0.848096225	0.263179463	0.207163926	-0.030986225	-0.312451161	0.366288467
1.860183917	0.705912638	0.960333837	1.420847107	-0.161657245	0.598883247	0.053883662	0.401996841
-1.82488769	-2.166607478	-0.548008782	-1.718395539	-0.816879306	0.004286977	-1.106954713	0.397013264
0.287781971	-0.022093552	-0.706421172	0.788626448	0.955898638	0.166034887	0.900040814	0.95281491
-0.893613213	0.522670602	0.37915839	0.418146837	0.427337734	0.132001172	-0.322168009	-1.227254465
-1.028804224	0.731925851	-1.33797842	0.362651351	1.691961201	0.797730985	1.250913611	1.455100789
0.460669644	0.925629121	1.665837634	0.41203352	0.267526581	0.6087067	-0.785817649	-0.004171745
0.193189207	-0.318899386	0.344627378	0.05821527	1.62363476	0.738924068	1.869396646	1.578135993
-1.130162608	-0.291846249	-0.514539118	-0.080030402	-0.374865457	1.409482133	0.401105558	0.525364546
0.148802806	0.099586114	0.425912235	0.306363933	0.186681374	0.914809044	0.048850665	-0.528831574
-0.173381519	1.042428424	1.025270394	0.111709786	0.528404416	1.110316738	0.654990392	1.234723891
-0.275523461	0.133545951	-0.469453218	-0.397588328	-1.273837603	-0.415356004	-0.055089224	-0.888871176
0.284653496	-0.3093348	-0.461810058	0.059033035	0.289598474	-0.902914165	0.595112962	-0.023751228
1.454128639	0.214403777	1.965364754	0.996248822	-0.127833388	-0.817684715	-0.271438443	-1.390947082
-0.454752855	0.2407719	0.203495605	1.08481034	-2.123290538	-0.808862894	-0.047707361	0.007813278
-0.642393337	1.263639837	-1.189809827	-0.116234009	-0.223154251	-0.538173401	-0.374378544	-0.587122794
2.37831333	2.796778373	1.369562653	1.834663334	-0.701417453	2.424675742	0.983026797	-0.116725657
-0.618247237	-1.501620183	-0.206612275	-2.100223541	0.075582748	-0.12743191	-0.087966525	1.021974414
0.426618225	0.624016457	0.769271729	-0.121661646	1.641033062	2.7830895	1.673676281	0.611310424
-0.333122095	-1.386376949	-1.315280112	-2.063815119	-0.323668077	0.706555573	0.783796969	-0.623307282
-0.280905082	0.452809733	0.770427778	1.130860065	1.592962123	1.489812381	1.596842115	0.767465494
-0.749139024	1.227392479	-0.67330091	-0.170357744	0.038603241	0.815960267	0.186809258	-1.180592373
0.022007128	-0.562766968	-0.572478596	-1.720256783	-0.29816017	-0.870758788	-0.148922372	-0.806421898
0.453734075	-1.275922841	0.799924433	-0.492985278	-0.992948191	-0.74876251	-0.22305	-2.058015575
-1.427396301	-0.08565095	-0.954024097	-1.442326953	-0.828616861	-2.244553624	-1.260106284	-1.88962492
-0.525127449	-1.547431141	0.562038574	-1.872540548	0.471647924	0.273350888	-0.36997585	0.629769135
-0.839984758	-0.88850191	-0.51344858	-0.799318506	-0.654593701	-0.485608787	-0.265778332	-1.033561264
-0.128084117	-0.506931982	0.844690538	1.05507824	-0.486252024	-0.913772451	-1.212398843	-0.1864589
2.315020384	1.202502185	1.801477083	0.835675325	-0.602883622	-1.013057444	0.337719612	0.256820471
-0.72170994	-0.735802233	-0.69221518	0.655801292	0.92065864	-1.209799979	-0.2311946	-1.921341507
-0.971530781	-0.172187412	-0.44446289	-0.835792856	1.20936641	1.607689403	0.617149904	1.838242151
0.599068617	-0.027957656	0.361578829	-0.001211887	1.400117238	0.963123693	-0.357381181	1.602575581
-1.633087904	-0.128253693	-1.634993841	-0.261308383	-1.512819859	-1.40789254	-0.268943721	-0.5191199
0.49997347	0.852645849	0.769281918	0.399766255	0.199279324	-0.007431862	-2.020115137	-0.879902011
-1.201654074	-0.010117349	-1.712308049	-0.138789935	-1.193405835	-1.72450449	-0.576573251	-1.712084146
-0.597565156	-1.452581754	-0.344451142	0.09858192	-0.145146357	-1.785126203	0.226971942	-0.555073406
-1.056639175	-0.92338559	-1.170623121	-1.119233353	0.413247413	0.60764592	0.453261562	-0.422091345
-0.045456159	0.195257636	0.351201755	-0.332939364	0.318662831	0.154384529	-0.049433157	1.059489033
-0.213491524	0.505089613	0.156773511	0.043730125	0.311768447	-0.522559653	-0.652240007	0.670574733
0.251428437	1.619059734	2.198584444	0.404856277	-0.195107784	-0.099480209	-0.300367879	-1.436134107
0.741083117	-0.343434962	0.364433118	-0.401956481	-0.672144314	-0.500561885	-0.678135743	0.525199728
0.542343581	0.07338914	0.323009935	-1.873376854	-1.012394525	-0.913385515	1.384224642	-0.940908345
1.553471326	1.211030886	2.356907128	2.415258575	0.756351246	0.976039522	-0.551812927	2.308479732
1.961715218	0.721385422	1.945425264	2.40375763	-0.798775659	-1.67893896	-2.107472611	-1.12308121
-0.418394329	-0.084589899	-0.319351903	-1.359521831	-1.751381023	-0.559899577	-0.710531657	-1.715129206
0.057756102	0.390243266	-0.748661733	0.550423174	-1.046547333	0.031523544	-0.947440908	0.005902435
0.491674447	-0.975310027	1.380728151	-0.087863455	-0.230826249	0.855275083	1.907319347	1.180572974
0.261142622	-0.377820908	0.212323771	0.819261005	-0.718924078	0.051016174	-0.524408961	0.221529399
-1.140568513	-1.268678537	-1.337307598	-0.797399317	0.266248171	1.15271313	1.240636388	1.044247624
1.218958174	0.964349035	0.542014885	0.796393928	1.834909036	0.824202821	1.249015997	0.801291696
0.908738041	0.645726228	2.26217945	0.263027345	3.127913046	1.106579887	1.600236203	0.7737258
1.990674157	2.139797314	0.997196268	0.979240463	0.997926015	1.419189402	1.240379968	-1.129440459
-0.701104143	0.589670248	0.16520099	-0.557313522	-0.082969562	0.300249936	-1.371732208	-0.516775631
1.563852572	1.706947077	0.850291813	-0.089799686	-1.109844135	-1.213729062	-2.0624223	-2.052757556
0.766558413	1.614134641	1.751183388	1.749637928	-0.124756417	1.378182302	0.941604703	-0.096710072
-1.158772904	-1.125804492	-0.806956791	-0.90679734	-1.133762353	-0.126476412	-1.544621028	-0.558396824
0.986886024	0.750977844	1.333258899	2.149680342	-0.107861546	-0.827146376	-1.620701086	-1.050138362
0.682465105	0.587542699	-0.71236728	-0.508799898	0.87119335	1.309621396	1.424623474	0.013603148
0.116030106	0.767523813	0.414937558	1.895156044	-0.076652413	0.97815625	0.174824596	-0.12655576
-2.12449784	-2.457589528	-2.97330255	-3.105667582	-1.252229405	0.239379689	-0.020999817	-1.015857955
0.720335534	0.063850351	0.729288992	1.245534132	0.529723791	-0.522567439	0.72357672	-0.395668615
-0.443041465	-0.168251322	-0.981003481	-1.431342845	-0.08585851	-0.133699774	0.507822295	1.231652761
0.537849479	-0.389633229	0.386241858	-0.074267207	-0.01557351	0.293746418	0.778535886	0.378340335
-1.249623315	-1.466870315	-0.528472688	-0.779196699	1.365034324	2.229199176	-0.378938895	0.700865425
-0.785090401	-0.269911845	0.062805744	-0.405983689	2.139222498	0.464209422	1.625072874	2.042705246
-0.685335432	0.53931942	-0.743439965	-0.001428147	-0.191960191	-2.180064368	-0.363873831	0.060773057
-0.94762594	-1.620170686	-0.445639729	0.327304496	0.336093871	-0.035451744	0.495471619	-0.624321935
2.096042519	1.884626432	1.745702433	1.960356775	-0.767443534	-1.542997188	-0.477964566	-1.5017118
-0.6733604	-0.510337654	0.378218872	-1.239669643	-0.820995967	-0.624245657	-1.55363285	-0.329852123
0.5495623	-0.058148448	0.440728058	0.109084138	0.98737024	1.535084639	0.431149823	0.132102146
0.268629143	-1.672733136	-0.632702783	0.222712841	0.02438812	0.614980523	-0.752370715	-0.910888534
1.644613696	-0.203129915	0.671040648	0.879179179	1.032808482	-0.108908944	0.464416542	0.639428411
0.583767736	0.584073729	0.592047681	0.176373273	0.218047038	-0.117737998	-0.966238104	-0.740058879
-0.114652495	0.277403432	0.410148664	-0.420754375	-0.136157361	-0.203474546	-0.511807136	-0.844422444
0.838693735	1.015504132	0.179364706	-0.06863313	1.647729626	0.592239285	0.549437725	0.37198612
1.154252737	1.260074166	1.464839674	0.310433533	1.273468415	0.36973367	-1.296645283	0.141487453
0.743107548	0.171909759	0.522511192	0.212766289	0.938016201	-0.335860723	-0.406021584	-0.197287638
0.07453605	-0.729847654	-0.129306106	-0.748416755	-0.252270444	-1.533260549	-1.624818272	0.007956893
-1.822169418	-0.668909059	-1.31794885	-1.256530267	1.129430814	-0.142059694	1.85080018	0.272854341
0.143818125	-0.571305127	1.777681044	0.44340808	-0.309196068	1.200050635	-0.398301872	1.258424944
0.108108963	-0.155657487	-1.734755833	-0.632922486	-1.185367328	0.723002075	-0.540270237	-1.525683464
-0.008701522	-0.459501365	-1.004732208	-1.357071544	0.40858732	0.497559167	0.293768487	-0.972058575
-1.58397835	-1.476516172	-1.284228859	-0.29946694	2.254540524	1.077916384	1.784835326	1.994085692
0.46298815	-0.808421684	0.040897162	-0.277726852	1.484429986	0.370803662	1.641256516	1.860046122
-0.494900039	-1.087911581	-0.73516776	-1.401738672	-0.815868867	0.044443364	1.032371329	0.560804984
0.336016066	-0.789495868	0.089374258	0.85911606	1.599936526	1.194737752	2.829687951	-0.65015973
-0.054697416	-0.949396882	-1.083794006	-0.18631992	-0.589534295	0.600952595	-0.047229916	-1.378054594
-1.825448599	-1.834217769	-1.655337678	-1.140763622	-1.739368752	-1.53680255	-0.607542339	-1.85880349
0.138757603	-0.027358273	-0.517648844	0.673208251	1.13931385	-0.573359843	0.855061878	0.500824112
0.196309668	0.349807778	-0.440289624	-0.668259083	-0.835034837	-0.018395799	-0.461444849	0.348657746
-1.156106139	-0.954010917	-1.092554358	-0.803751765	-0.869644691	0.13327674	0.301362052	-0.044464259
2.931330812	1.809973766	2.096279848	1.633069164	1.290291467	1.69032793	1.260689001	1.745610815
0.047668864	0.429151142	-0.37116812	-0.069808687	-0.59463726	-1.17400366	-1.791714399	-0.346000329
0.597306758	-0.357521162	0.095793951	-1.151461457	2.033189775	-0.008506095	1.009558696	0.494025705
0.635446819	1.31826	-0.202860384	0.259311775	0.898428086	1.307458272	1.422035542	1.094118335
0.699980227	1.063284477	0.209468199	0.123518486	-0.415592925	-0.578529878	-0.166244472	-0.162226704
0.82455228	0.596946628	0.629853401	-0.082282654	0.588497087	-0.654292769	0.252763805	0.283197341
1.239555154	1.410170044	-0.571271063	0.721415493	-0.326501205	-2.334073487	-2.671844573	-1.331640254
-0.219889964	-0.614321062	-0.667969724	-1.065504001	-0.361522515	-0.428492296	-0.217852091	-0.462750838
-1.487748277	-1.911760934	-0.223907297	-0.807270122	-0.036723717	0.535104195	-0.038694939	-0.557108502
-1.212652058	-0.728932329	-0.21337388	-0.445389427	-0.202446507	0.710341852	1.134763406	-0.189835296
-0.624567785	-0.97519091	-1.970628533	-1.15138917	0.4833676	-0.432640283	-0.587277278	1.212731528
1.122174871	-1.04503729	0.229401998	0.295841341	-0.128960535	-0.018957501	-0.657227904	-0.333428905
0.68626757	0.390940206	1.090344241	-0.154888621	-0.24903351	1.124983489	0.979405163	-0.860874852
-0.058050316	-0.115947057	-0.840652919	0.750343775	2.951041023	1.767377545	0.487721949	0.421947554
0.440865515	0.353610795	0.541985105	-0.609908879	0.188336197	0.423413376	0.773402282	0.615955693
-1.820925452	-0.985009782	-1.287454554	-1.570502045	-0.904868132	-0.664675799	0.059799913	0.011423319
0.259430425	0.387619011	0.819338643	0.461915752	-1.50869607	-0.65054117	-0.950602734	-0.997736386
0.200066637	0.330918384	0.487251942	0.703855815	0.482025684	-1.325840896	-1.473554548	-0.633777158
0.598969603	1.961270192	2.021756328	0.859098703	-0.49721791	0.214800823	-2.058204394	-0.082783872
0.183477987	-1.029718365	-0.354552727	-0.812861407	0.147147177	-0.792202913	-0.360432713	0.315978232
-2.376677923	-3.14111435	-1.620517065	-1.691236788	0.246197667	0.249961445	0.654070375	0.193755292
-0.900745646	1.155602192	0.771922792	-0.349902221	1.946671909	1.364782516	-0.271020024	0.04349244
-1.105841499	-0.607259318	0.161007013	0.284334748	0.426490325	2.114365141	0.974595615	1.659658312
1.686642535	1.099249421	0.897280695	1.109644711	1.645549284	0.424923243	2.31986902	3.18447768
-0.588942377	-0.526877214	0.640680393	0.303754151	0.80005493	0.013375652	0.221800858	0.458456399
0.373659385	-0.150312015	0.557218273	-0.552063755	-0.312147245	-0.407429777	0.280451248	-1.352485962
-1.135295552	-0.727221788	-1.47466663	0.04731225	-0.009876039	-0.758851208	-0.1562562	-0.856566583
0.380461321	-0.64956446	0.753260677	-0.166131986	0.916386805	1.107336269	0.063686897	1.202200957
0.164014592	0.23763567	-0.595782349	0.741077801	-0.176325033	0.950634331	0.380318765	0.098978543
-0.785823173	0.128416408	0.548023767	-0.519208728	1.908070393	0.028719572	0.167922267	1.025382797
0.826706786	0.872880969	2.082254396	1.161628032	-0.497079161	-1.760030306	-0.164762088	-1.487095739
-0.808983299	-0.619632052	-1.322045308	-0.497280809	0.146186521	0.560440383	0.323758018	0.536102756
0.909501734	1.126103872	0.149565862	0.389669253	-0.330670481	0.076523737	-1.255935199	-2.58618097
-1.579407576	-3.198388621	-0.935579721	-1.033398787	0.067397221	-0.103862132	0.371495419	1.400934752
-0.577389056	1.21821711	1.806627838	1.205606692	0.716820155	0.433147306	0.782285992	0.04764339
-0.336898851	-0.59766121	-0.40914417	-0.716975897	0.299175194	-0.71769655	0.279813911	-0.020163155
1.427833334	-0.553014232	-0.223758463	1.027431267	-0.635593629	-0.872525756	1.828312715	-0.206927821
1.570758808	2.263313521	1.641717307	2.537159924	0.370647169	0.741052155	0.210013976	-0.208420711
0.655742312	-0.08895161	0.244604967	0.848845779	0.003940686	0.185079524	-0.025559701	-0.866350086
0.826525709	0.369113645	-0.258405551	-0.015145656	-0.869352203	-2.037692843	-0.71013992	0.669182579
0.269179239	1.118742726	0.252929206	1.215176772	-1.255757406	0.950910052	0.276923321	1.052834937
0.179012992	-0.740463618	1.17961045	-0.079375212	-0.60386886	0.71603777	0.169701963	1.36027306
0.009360082	-1.065070093	-1.23045001	-1.246193135	-0.311340295	-1.300670141	-1.41945185	-1.838273402
-0.677997755	-0.21846301	-0.288710234	-0.620076922	-0.665547219	-0.578666205	-1.159726347	0.400853103
-0.239438298	-0.918089077	-1.590587388	0.040125907	0.269645177	-0.481582541	0.73152427	1.935430819
-1.113585043	0.289458108	0.177825497	-1.42486008	-1.556314761	-1.885696257	-1.488042436	-0.802227029
1.377742054	0.445455514	2.026556534	1.378845215	0.217315211	-1.002687461	-0.437347156	1.296771847
0.259513133	0.61961212	1.612191472	-0.287110202	1.063548119	0.553086181	-0.18244868	0.923458046
0.078808751	-0.25086269	-0.692009844	-0.547791729	-0.78810174	-0.152026797	-0.353993114	0.164426333
0.981096391	1.448448951	-0.453776154	0.435970295	0.410712229	-0.939624575	0.891754922	-0.47057453
-0.368055175	1.665181271	0.106521506	1.430226394	-1.087160842	-0.539790235	-0.53904319	-2.173077556
-0.564615907	-1.156605127	-0.721274992	-0.346458797	0.882507129	0.737532825	1.058258916	0.783392938
1.150992142	0.531766801	0.25167224	0.918070192	-1.861118687	-0.469543831	-1.745717043	-0.619529297
-0.516682125	-0.4022386	-1.77613958	-0.724275217	0.260601541	-0.50899315	0.369004548	-0.059977081
-1.060586488	0.302502536	-0.862038965	-0.405581128	0.421996415	0.113717576	1.061785485	-0.020153944
-0.307727872	-1.110102485	-2.022573889	-0.975401762	0.492600633	-0.688392859	-0.357373427	-1.159860235
-0.072198506	-0.383088455	-0.31488982	-1.282620657	0.408976185	-0.797429869	-0.1062582	-0.696380233
0.77164865	0.344161693	-0.313282385	0.782634055	0.503662517	-0.242399306	1.225485355	1.157890404
-0.509193108	-0.181938577	0.243712628	-0.600573462	1.545435026	1.76473059	2.40611316	1.786280618
1.700350838	-0.328500881	0.037294916	-0.105374401	0.552750731	1.673403114	0.608526414	0.976485022
-0.236926656	-0.375901062	-1.759315424	-0.433608882	0.097980301	-0.530403399	0.823184959	0.807900345
-0.425795372	0.394915097	1.043266898	1.743807058	0.715507643	0.506585352	0.293720477	0.546930493
0.720168818	0.094136526	0.709995314	1.789285911	-0.159581875	-1.084209979	-0.61196491	0.164027542
-0.574809443	0.673402903	-0.074403652	0.14308744	0.986779953	1.816174396	0.486409685	1.898299527
0.542004011	1.904133208	0.958868753	0.973666965	-0.932631781	-2.447494617	-1.299654133	-0.717540516
1.367422013	0.881162234	0.874920873	2.00570636	-0.20218156	-0.360913159	-1.089334976	-0.870893866
1.005617282	-0.841415757	0.771966072	-1.329869314	1.097239613	1.660369963	1.281742578	1.218782607
-1.092500052	-0.280347319	-0.793793403	-0.917896802	-1.895398097	-1.593428331	-1.237617647	-0.73768935
1.488367532	1.150478695	2.60081482	1.607476545	0.203096748	0.042959514	0.367719393	-0.617298429
-0.239782449	-0.449790401	-0.816196087	-0.888390495	-0.226691407	0.030522968	0.058545223	-0.009530529
0.737011203	-0.81305883	0.866068883	0.963700052	-2.30042572	-0.940026881	-0.426722782	-0.897599316
1.344151866	0.198036068	1.055245853	1.434109813	0.93653788	1.276768591	0.531243753	1.396021281
0.080263372	0.416265379	-0.57561259	-0.421842644	0.445984312	-1.109078039	-0.278120876	0.395230716
0.441020776	-0.10612758	0.345758141	-0.08969332	0.388031542	1.212583373	-0.836852163	0.053160415
0.74573121	-0.272727241	-1.256850457	-0.021009168	-2.428425548	-2.681902326	-1.301902658	-1.868273284
0.122879208	0.800472341	0.121375333	1.918276948	0.869747936	1.092779112	-0.343431072	-0.586846718
-0.669856688	-2.193268064	-1.010364631	-2.676918713	-0.109417291	0.217949818	1.557430712	0.444275389
-0.040773012	-0.897222542	-0.720140059	-1.417005167	-2.705177474	-0.486677317	-1.21783817	-1.089212693
-1.150613504	-0.851503508	-1.740924317	-1.607892321	0.513920861	-0.406818772	-0.936159604	-1.46531484
1.061314001	0.538905254	0.279522508	0.9197731	-0.083998043	-0.635994781	-1.986094556	0.79965453
0.571520789	0.253339356	0.689030548	0.550812237	-0.557603455	-0.092524722	-0.000974615	-0.258902229
0.098068255	-0.6040045	0.002123256	0.611034246	0.866551591	1.067803382	-0.395044912	-0.270364706
0.452146342	-0.101762183	0.93791161	0.047591459	1.013768405	0.969933401	1.172576258	1.707199564
0.384062856	-0.566426584	0.308304613	-0.11957544	0.305639882	0.112751039	-0.28222691	-0.355702138
-0.731745363	-0.360489877	-1.676064926	-0.723281778	-0.807979495	-1.306088798	0.437942927	-0.769458417
-0.541399041	-0.059517318	-0.311440182	-0.562470423	0.93073653	0.996291872	0.338929612	0.163774576
-1.847810947	-1.359727076	-0.910961622	-1.813096269	0.327053625	0.526619364	1.151316115	0.614689404
0.195186426	0.386956719	0.262774131	-1.357571567	1.637334578	0.917763751	0.878156615	1.039574704
-2.564733428	-2.49279287	-1.987057298	-3.342197815	-2.552928003	-1.130413764	-2.149068977	0.124628358
0.69334173	0.690151901	0.025056427	0.087655296	-1.035241706	-0.59415631	-0.553450501	-1.314845393
-0.72714708	-0.529584957	-0.190298765	-1.117109697	-0.521593638	-2.645414052	-2.572284526	-0.241613182
-1.32483418	-1.4347888	-0.310020692	-1.85007612	0.542889975	0.29668815	0.985723952	1.301025746
-2.077451995	-1.439904441	-2.853105744	-1.472459301	-0.776342778	-0.423517965	0.27862302	-1.567259286
0.533197155	0.504563774	0.454265299	0.549685626	-0.098610756	0.818509606	0.238421171	-0.251536792
0.380331449	-0.159364246	0.282792468	-0.656294817	0.696903034	0.598320108	0.567516751	0.986279592
-0.113535668	-1.518378407	-0.678600707	-1.207008327	-0.550874385	0.789462807	-1.785159523	-0.875983569
-0.031448909	0.288517289	0.189166219	0.894116782	0.939279698	0.741014297	0.468881733	1.172990171
0.086046564	1.948645351	0.466838916	0.08937931	0.050883996	0.330530476	-1.309965462	1.510175104
0.835072694	1.697197119	1.227044178	0.956665033	-0.60821031	-1.07564598	0.14258067	-2.042137938
-0.671250839	-1.300598995	-0.432866483	-1.370876806	-0.194968749	0.162721295	-0.63295605	0.332176413
0.204049022	0.269707115	-1.02138395	-1.595262057	0.501050182	0.730389246	0.486203849	2.277652732
-0.099450346	-0.978222291	-0.864156075	-0.747904802	-2.62150205	-0.395222399	-1.003494042	-0.753602724
-0.260095928	-0.257366576	-1.221191227	0.031875428	-0.448498223	1.140419339	1.302365318	-0.157017196
1.628167317	0.637639831	1.381301693	1.506960188	0.446723669	-1.240427206	-1.381030202	-1.117255611
1.256910227	-0.141579531	0.706442104	0.179517743	1.057198557	0.805656079	1.118090558	0.034660526
2.786667847	1.551841257	0.455500336	1.019274541	1.02412668	0.079830194	0.995812088	0.405928866
0.141029928	-1.411817223	0.470865315	-0.588694728	-0.957135742	-1.241404067	-0.608351885	0.112058697
0.634402175	0.840713677	1.411056278	1.171931891	0.041469704	0.282702844	0.330316053	0.216525791
0.084046742	0.033905497	-0.360945135	1.865312466	0.033154485	-0.531147008	0.126839129	1.13557983
-0.363059488	1.095125418	0.867825233	0.904168577	0.191856314	-0.299201026	0.778621066	0.187890297
0.188499654	-0.079748874	-0.722886129	0.50240612	3.312548605	1.956105684	2.541789413	1.203034092
-1.133867967	-0.429492001	-1.037068884	-1.094073133	-1.630558166	0.740173759	0.489987228	-1.277201006
-0.470963714	-1.654623215	-0.492151226	-2.157819245	0.825618362	1.045920655	-0.421163434	2.053711594
-0.337421524	-0.877676801	-1.49964406	-1.668506175	-0.795194396	-1.400049975	1.866333534	0.192661158
-0.41228285	1.655435283	1.667211053	0.397501424	0.948801576	-0.253699526	0.301547634	-0.677558052
-0.449863712	1.162373845	-0.577027601	0.525871313	-1.004249672	-1.078612692	-1.30199052	-1.168048223
1.269073081	0.290879233	0.359330905	0.661460036	1.656370979	1.193632073	1.911527314	1.305885233
0.891333342	1.067108449	0.440656131	1.055971199	-0.239182177	0.382321541	0.692409614	-0.351652487
0.357246535	0.041829641	-0.988672177	-0.655459765	1.534188624	0.272732597	0.968286735	1.336903751
-0.357447653	-0.489659585	-1.033778259	0.325127231	0.472626149	-0.209579602	-0.485788826	-0.397922452
-1.727752966	-1.219735007	-0.153684799	-1.079246751	0.546653251	-0.270106974	-0.110444516	-0.370000187
1.196714726	0.984437141	-0.731083043	0.575058522	1.164219017	0.719936538	0.005989038	0.6864936
0.6645785	0.95607416	0.316420284	1.28366397	0.91234842	0.438790813	0.741519513	-0.311652752
1.384417764	0.640803447	0.538964212	0.006027787	0.340202183	-0.007251541	0.30758139	0.862666078
-0.156909592	0.202829839	0.07668786	-0.043741823	-0.578458687	1.282063853	-0.241154003	0.553133226
1.945561504	1.174555902	1.075023287	1.068372969	0.210299977	0.143318873	1.359565883	-0.308471007
0.417726099	0.443112642	0.184428137	-0.29620001	-0.649673007	-1.178748414	-0.781808525	-1.022769678
-0.199211176	-0.758493893	0.783577913	-0.782299385	0.545305197	1.349227632	0.657106966	0.677711315
0.813672301	0.476371943	0.472569597	-0.174260737	0.68970363	-0.072132633	0.783138449	0.88028145
1.413387051	1.232821757	1.550875778	1.268301289	-1.740313796	-1.080881812	-0.301306628	-1.066522017
2.297322759	1.232301435	0.208441827	1.052096039	-0.53123624	-0.356723587	0.670601011	0.87994324
0.973206198	1.464770911	1.370606032	2.174014702	0.63118846	0.467984031	-0.391328931	-0.986583611
-0.510693989	-0.092111888	-1.104349707	-0.046748133	-0.809095671	0.388932768	0.586081811	0.641411958
0.504193402	1.884191591	-0.609449995	0.847322142	-1.771969525	-1.174976552	-0.25729244	-0.317153334
-0.294842441	-0.576376017	-0.616463861	-1.588526424	1.764034276	1.078783514	0.298092076	1.552877484
-0.01328992	-1.16156414	-1.489855338	-1.290950081	-1.330673161	-1.566206215	-1.984127385	-0.89485505
0.62584012	0.539316092	0.974186139	1.031138368	-0.83222662	0.967469062	-0.077886279	0.311246755
0.599486315	0.560912185	0.838709695	0.765561724	-0.751580035	0.853355227	-1.073656904	0.097672473
0.277664575	1.696873344	-0.436554251	-0.916231319	-0.953407541	-0.322428437	-0.155167622	-0.472403554
-0.154574957	-1.240915676	0.031418531	0.735351832	0.742472572	3.034373643	0.136354785	2.165987582
-1.102211805	0.550068249	-0.346521601	-0.081233479	0.293365132	1.962542364	0.467317265	1.430483925
-1.591308354	-0.668486133	-2.541402453	-1.192642087	-1.071556181	-0.428785334	-2.715538689	-1.491452432
-0.149000996	-1.100374807	-0.775973106	-1.304728333	-1.848633223	-0.762063892	-1.729324206	-0.817468165
0.873536778	0.215714871	0.836124141	-0.25631129	0.431355187	0.244872937	0.555366856	-0.700317336
0.560866929	1.531258328	1.707589075	-0.078055977	0.325038784	0.215515387	0.556872243	-0.851551584
-0.18404601	0.076818306	-0.775246743	0.16867079	-0.305970303	-1.375419066	-0.879064254	-0.53743813
-0.497417859	-0.361624966	-1.065289217	-0.279726442	-0.674856379	-0.911113201	0.455605418	0.420113788
1.34191391	-0.236378963	0.391192819	1.123905704	0.953431296	1.422054237	0.757946644	0.701773213
-0.050716912	0.21126831	0.012862801	-0.516874453	1.528742416	1.017019326	0.540722184	0.318902064
-0.627916387	0.066047135	-0.250582002	0.32901154	1.263372492	-0.99599608	-0.650286934	0.712627748
0.144054927	0.719970135	-0.878245735	-0.500075241	0.467086164	0.364601607	-0.440983884	0.052042231
-0.398363813	-0.10800765	-0.680734943	-0.457895254	0.322851026	0.057679519	-0.512339591	0.022699958
0.414654153	-0.308335774	0.11873961	0.69838166	-0.935481402	0.507632457	0.298116953	0.510376037
-0.716678351	-0.05368264	-0.305225065	0.098904319	-0.472362651	0.765878841	-0.531059139	0.22418646
-0.165897647	0.319568107	0.069080747	0.36264846	-0.833096696	-0.865412146	-0.224127432	-1.332977004
0.346688622	1.172619104	0.635632364	1.164893723	0.179970641	-1.746674276	-0.297383145	0.66985214
-0.901278732	-0.615269622	-0.553473427	-0.690636596	-0.587996166	-0.159001119	-0.837342688	-1.67387064
0.932738506	1.219917017	1.729375669	1.549320731	-0.046758839	0.033358617	-0.319513674	-1.792558273
0.142791575	2.286951401	1.519448812	2.048021282	-1.701824395	0.074786777	-1.097360957	0.074864486
-0.34619696	-0.772502645	-0.869360463	-1.764310425	-1.49555228	-0.262845569	0.097963124	-0.11147761
2.404149937	1.958464454	1.29435068	1.663955839	-0.518455696	-1.382718043	0.88539548	-0.977927055
-1.174554058	-0.315738312	-1.010665225	-1.129353642	0.67733181	0.331424682	0.143614338	-0.808980767
-1.512384783	-0.770900934	-0.627257693	-1.292686134	1.722331889	0.816690531	0.548643768	0.84618139
-0.068951697	-0.326555822	-0.339946609	0.40822229	-2.134545293	-0.035106085	-1.635180937	0.385063734
-0.903198209	0.700875328	-0.413959075	0.386362224	-0.145972491	-0.882924672	-1.068555153	-0.440697674
-0.369924763	-0.538068537	-0.375172923	-0.48020037	-0.216455678	-0.498923764	-0.342886286	-0.287979774
2.289564582	2.119806819	0.869864464	1.316585604	-1.94796211	-0.476488564	-0.532513144	-0.767594643
1.036570983	1.037288716	0.638824426	1.322482853	0.095122987	-0.356819149	-0.668285377	-0.604491538
-0.123224009	-0.259660888	-0.543266572	-0.816853376	-0.543606277	-1.156963054	0.651689256	-1.217948203
1.753300779	0.151830032	1.190331518	2.166979355	-0.203890407	-0.46563919	-0.591418853	-0.058361283
0.022621922	0.706168127	0.884889868	-1.885952357	0.08744109	1.918339416	0.773206767	-0.301300988
1.410213702	1.458788226	2.036906932	1.91845503	-0.969891376	-0.136645713	-0.582475299	-0.277659993
-0.561195405	-0.531996777	-0.827630844	-0.562780927	-1.49545377	-1.136214975	-1.739988664	-2.004199914
0.527708416	0.904764449	2.015061798	0.816531717	2.062825406	1.239805664	1.023854779	0.976462186
1.031974354	2.396241676	0.521138109	0.174014734	-0.742352766	-0.338974796	0.329271634	-1.480773733
0.550053481	0.393403808	0.045772114	0.592654528	-1.161784428	-0.305828992	-0.953129641	-0.277679977
1.668301989	0.415470321	-0.763468553	-0.853338315	-1.344805964	-1.232015685	0.168861954	0.062253803
0.8844405	0.995585615	1.050985052	-0.145564197	-0.074954549	-1.284311928	-0.797622263	-0.732360782
0.127432031	0.090235734	-0.013367979	-0.417470061	1.395616159	2.06341405	1.471721174	2.015479164
0.952448441	-0.646460881	1.344814696	0.24618265	0.599210866	-0.908945022	1.460914073	1.438364854
0.451580714	0.875499268	0.381473309	-0.716090616	0.932343439	0.054989311	-0.044394964	0.664055259
-1.125419235	-1.518897249	-2.776206846	-1.393222623	-0.286631076	-1.665902139	-1.387724527	-0.832927009
0.045819594	1.171252973	0.939931453	0.82898251	1.199711552	-1.213739326	0.815543846	0.224326506
-2.056589155	-1.330664785	-0.936000141	-1.10340687	-0.15687979	-0.603010104	-0.705456655	0.779581832
-0.211887502	-1.613490288	-1.242175527	0.057265498	0.799795235	2.266799078	-0.635254288	0.53607673
-2.71364009	-1.644253331	-2.682562585	-2.498347568	0.591940219	0.381766765	0.935444213	1.558866821
1.633074098	1.203260767	0.976012484	0.541952379	-0.148188472	-1.011128799	-0.342147098	-0.004210331
-0.66482195	-1.302901131	-0.642472952	-0.439031535	-0.005064588	-1.869487406	-0.458543306	-0.367542747
-0.497193605	-0.656691886	-0.075953525	1.041603652	0.592221838	-0.400925476	-0.108949446	-0.353334564
1.265228645	0.861706775	0.811806136	1.344581411	1.451869981	1.394939773	1.851270801	0.642614932
0.174058168	0.515693478	0.245433614	0.163691936	-0.036217663	-0.282898863	-0.284341859	0.426732372
-0.203909002	0.409252471	-0.330554324	0.510536937	-0.728972593	-1.273581486	-0.858688631	-1.927607434
0.665221599	0.820993086	2.057442203	0.296374015	-0.308601699	0.243484477	0.045922415	0.727470674
0.665856126	0.015999759	1.143864478	0.386562137	0.196895079	-0.255706658	-0.521750462	0.136336988
0.294166765	-0.989435921	-0.109181976	1.236483449	0.517384783	0.266289407	-1.389170492	-0.074223461
-0.825892952	-2.128159693	-0.769972519	-0.18666487	0.604830846	-0.400283894	0.137043004	-0.513129758
0.432361828	0.1266084	0.694529237	0.167195431	0.069676666	-1.900233988	-1.121888547	-0.276557201
0.044160582	0.633814495	0.376166923	1.513305323	1.707595649	1.715958848	0.959186498	1.004561007
-0.169216076	-0.678187919	-0.373025945	-0.22405095	-0.321687027	0.388288948	1.151254081	-1.125960313
-1.895731594	-1.320136572	-0.975713937	-1.158383101	-0.798949645	0.635924095	-0.842709172	0.803569139
-1.250317081	-1.491841771	-0.558021189	-1.951866778	-0.123503085	0.317734699	-0.251952282	-0.497684792
0.218498868	-0.175311502	-0.453080715	0.716892874	1.948679997	0.101367601	0.513608586	0.887148635
1.493229571	0.643782793	0.421968069	0.260028332	0.258903496	-0.522168305	0.071408513	-0.697877432
-1.106964474	-0.824087614	-0.644928467	-0.668492303	1.616648605	0.639167802	-0.127114623	0.629108104
1.374507557	0.840496686	1.736100892	1.997762817	-0.129495274	1.947835316	-0.246301414	-0.506720038
-0.233134188	-1.583892862	-1.767663871	-0.14063888	-0.202043407	1.340016354	-0.34950868	1.57326482
1.232635199	-0.5978213	-0.339870768	-0.374143338	-1.572406059	-1.18270192	-1.547463555	-0.478571261
0.273878644	1.481227415	0.39672924	0.240045176	-0.451973895	0.718805049	2.052300426	2.196302382
-0.472384144	-0.977573645	-1.092759396	-1.259615136	1.506396287	2.437174822	1.088328812	0.738122516
2.235241258	0.774377525	1.229424303	1.795208528	-1.50606644	-3.077562435	-2.469429367	-2.937089673
0.776100202	0.316493473	1.400985508	1.563530297	-0.272581265	0.821347396	-0.172676905	0.37724573
1.111768303	0.043795442	1.104052979	-0.277955627	-0.574421542	0.994289464	-0.254559408	0.794244413
-1.528916181	-0.216213368	0.415920731	-0.348493425	-0.366268528	0.082772156	0.264124448	0.505842739
-1.261012874	-0.854841537	-0.718572429	-0.490162114	1.496895127	0.51457052	1.051132864	0.627159357
-0.12439161	-0.221651864	0.72364123	-0.131541082	0.559067599	0.091929427	0.478920902	-0.476304045
0.275576888	-0.419451096	-0.209462218	-0.106771847	0.823523847	0.964741849	0.548364248	1.488949351
1.113620774	0.346961163	0.556607548	0.706885151	-0.167883677	0.604487119	-0.061540433	0.950492422
-0.422163152	-1.165938109	-0.721113477	0.641008918	1.218513876	1.730482599	1.001502261	0.572977276
0.78248008	0.794586113	0.609741929	2.033192155	-0.375403549	-0.489857853	0.319674953	0.5416011
-0.737650051	-1.097663685	0.21229295	-0.402624404	-0.241854005	0.181391138	-0.185343085	-0.72072467
0.455547766	0.038004905	1.776921781	0.106254037	-0.972213442	-0.183061166	0.260825847	-1.299245912
-1.870716619	-0.156826799	-1.962336889	-1.660543637	0.139802005	0.674558353	0.507387238	0.296105711
-2.343261223	-0.15841576	-1.273538683	-2.060982707	1.052915599	2.206993777	1.364324938	0.999973521
0.205233555	0.691889914	0.251675102	-0.068977081	2.610410841	0.495352439	0.700450343	0.392062231
-0.594203992	-1.809506424	-1.981550259	-1.57732341	0.446604618	-0.150304449	-1.155364882	-0.556033342
-0.021505076	1.373268995	-0.075343129	1.008593888	1.548216082	1.037090926	2.241790785	2.236327168
-0.494144543	-1.274573938	-0.399189443	-0.185323069	-0.962570502	0.75435144	0.036815561	0.285930891
0.391686346	0.859008472	0.529238504	0.51929106	-0.999785095	0.503156139	-1.30787012	-1.079356796
0.412105252	0.500529961	0.590033099	0.455601979	1.005989742	0.944665595	1.124840494	1.035971763
-1.580209674	-1.421334438	0.143840559	-0.070510052	-0.8330139	-0.031575585	0.050755532	-0.376308286
1.196407141	0.553967627	-0.18487611	0.187926886	1.644005751	-0.313348389	0.07512049	0.310248973
0.81444102	0.347602103	1.335799369	0.796840777	0.824136157	-1.342374343	-0.469026444	-1.913057124
0.929374029	0.884014257	0.4065859	0.900968829	0.222917644	-0.20890769	-0.428537669	-1.183578176
-0.407166233	-0.741218646	-0.342420198	-0.092631972	-1.072967361	-2.086099965	-1.111528001	-1.523377981
1.115158771	2.397016817	1.164342513	1.808756288	-1.236314697	-0.241123113	-1.296755521	0.435478108
-0.854880868	-0.023743623	0.191585616	0.235674725	1.0224711	1.895853709	1.148321046	1.418791516
-1.224379309	-0.743583375	-0.129112764	-0.230246673	-0.584647529	-0.280877346	-0.271175291	0.316820195
-0.559956978	-0.691022677	-0.364146947	-0.723096563	0.38705406	1.480182349	-0.02383142	0.091452201
-0.628773179	0.341122023	-0.67461568	0.507794308	1.259823763	1.277330781	0.367359916	1.143540377
1.233714146	0.88450309	0.345641884	1.189919426	1.749440165	1.222634497	0.913044394	0.958561864
-0.687999519	-0.166850824	-0.198086196	-0.301641263	-1.307403967	1.893868105	0.086496887	0.678342297
-0.280176077	0.161773947	0.001435614	-0.040028273	0.388456758	-0.178985303	-0.212493283	-0.283276208
-0.565327211	-0.925721493	-1.50450829	-1.960321578	-0.617869434	0.635821132	-0.848928004	-0.323937117
0.024301993	1.179982506	0.968315915	-0.306842733	-0.664174798	-1.230730702	-1.123236001	0.30774774
0.25306767	1.367739308	-0.152766828	-0.408600399	-0.716376982	1.130573576	1.019174075	0.450866886
-0.767493587	-1.523472443	-0.691414329	-1.798927424	-0.749948305	1.011895657	0.960069283	0.187303396
1.388692594	0.756292261	0.013176431	0.396780315	-0.265627436	0.442530598	0.514930292	0.361843529
-0.033014182	-0.005090391	-0.255785826	-1.076952476	-0.019638848	-1.147771946	-0.764552352	-0.509800225
-2.699404053	-2.200456432	-1.785852289	-2.422634253	1.16945476	-0.065364506	0.473268379	0.317267275
0.347224757	-0.589432047	1.226141354	0.492246576	1.246322799	-0.816643926	-2.48756136	-1.044608931
0.621806811	1.076378077	1.675459188	1.537703733	-2.532899289	-0.732851645	-0.545095433	-0.261077708
-0.130004565	0.068372512	0.047932753	-0.597271107	1.209337108	-0.107788074	0.244046603	1.940743198
0.865867167	0.541018863	1.320722178	1.193653043	-0.57276157	-0.681883279	-0.479256156	-1.198170675
0.401581505	0.371959453	-0.360404471	0.380427833	-0.393178033	-0.505036873	-1.563930817	-0.792889306
1.434186228	-0.931861786	-0.417718075	0.335393091	1.232823884	0.188307158	0.850760046	0.563287138
0.48256621	-1.02952389	0.422130122	0.032535586	-1.636147865	0.125379231	0.10378181	-0.839120256
-0.137928991	-0.66037779	0.038411478	-0.492240236	-0.086994804	0.065585422	0.400485632	-0.106497782
0.295637524	0.084569034	-0.177087206	-0.328534881	-0.637790786	-2.345352893	-0.467975815	-1.181516318
0.185799964	-0.252996194	-0.26340025	-0.628948834	0.545861876	0.24106684	-0.855312274	-0.094839987
0.114618819	-0.280548624	-0.606052082	-0.638966502	-0.767865697	-1.16358432	0.849341249	0.799909668
0.847411233	-0.334779765	0.079636275	0.593799562	0.788798605	0.399168585	0.354431972	0.437125865
-0.347077021	-0.39698707	-0.079618185	0.423060179	0.518176296	2.011267423	0.330148494	1.448018578
1.120070643	1.329080985	1.050413421	0.18632833	-0.744229664	-0.527742802	0.543856036	-0.155039536
-0.745510387	-0.057463075	0.102551806	-0.896160211	0.602620281	-0.066150259	1.78719022	1.226673928
-2.636067508	-1.76112408	-2.726983698	-2.424903957	-0.923774525	-1.828733534	-0.83103721	-0.228706163
0.237334499	-1.025938149	-0.931749192	-0.263742941	0.071311879	-0.070702449	0.294965681	-1.584002624
0.913276421	-0.134831042	1.692628192	0.772900374	-0.268598412	-0.877658574	-0.433108651	-0.216089534
-1.397725402	-0.456778935	-0.887972593	0.037593781	-0.039592218	0.456401151	-0.248452985	-0.156495315
1.957638659	1.698493082	2.631371709	2.272698407	0.001178577	-0.443937109	-0.192825433	0.520620106
0.627678911	0.187041043	0.070140043	0.417346957	2.422989259	1.190417111	2.48640569	1.765949983
0.012228474	-1.125296561	0.94574498	-0.374167948	0.198380757	0.941900318	1.868576709	0.531966116
0.782619169	-0.04422943	-0.213724371	0.751417101	-1.610522738	-2.056670206	-0.990711721	-0.329201353
0.235092747	-0.840293212	0.241191071	-0.262069357	-1.483832062	-0.660887265	-1.598367267	-0.968775884
0.694422636	0.529574261	-0.07076019	-1.135987666	-0.290001117	-1.012171689	-0.634552141	-0.773371003
-0.851013102	-0.604772589	-1.093259784	0.877103193	-2.21450637	-1.054814138	-1.39976184	-0.311315901
-0.286500524	-0.273251207	0.162379916	-0.429131892	0.91802613	-1.589015464	0.292839518	-1.241292762
1.075876166	0.849405979	1.825391631	1.832026881	0.115158479	-0.540515964	-0.097237016	-0.324896374
0.137701857	0.13640903	0.05653377	0.230898945	0.208869657	-0.63083955	0.886364895	-0.680239221
-0.085545616	0.956769062	-0.836019924	-0.162697014	0.441436401	-1.460896466	0.244375127	0.896530286
-1.029583836	0.628569344	0.081494163	1.035502905	1.634031603	0.689104199	0.229256943	0.280366085
-0.444259414	0.083609099	1.371385456	0.631174601	0.495599443	-0.175377741	0.651936197	0.000531021
0.830871082	1.608229836	1.788350675	0.897600488	-0.483356351	-0.8342959	-0.81901977	0.065207803
1.02200008	-1.343259007	0.411493769	-1.291960643	0.57343418	0.876896333	0.051566467	0.70360625
-0.168097379	0.883222107	1.171474909	-0.518372885	0.592928187	1.130704776	0.784994453	0.189219435
-0.137202749	-0.258200339	-0.688914012	0.092063162	-1.750747556	-0.295932857	-1.778521414	-0.512350473
1.151655563	0.512043709	-0.34009838	0.356418484	-0.274836127	0.889727267	0.566128232	0.755049143
-0.535805645	-1.363470122	0.105608414	0.288618833	-2.614038742	0.745723208	-0.867080475	-0.909636971
0.335661938	-1.256118355	-0.640496325	0.376495226	0.268221656	-0.687165107	-0.620428376	-0.663525814
-1.39744502	-0.012621473	0.183769693	-0.830971571	1.69897574	0.957810824	-0.603231818	0.50791337
0.075035974	-0.520372757	0.422361691	0.05963646	-1.133489467	0.157256545	-0.263137738	-1.269102184
2.255682588	2.124187446	2.273490893	3.163111104	-0.851240968	-1.823415786	-1.472089065	-0.668826451
0.215570833	0.551361352	0.082180312	0.522868614	2.423677084	0.989784861	2.869677456	-0.9122628
0.510563405	0.306696126	1.005380483	1.318638555	0.69727644	0.68286799	-0.286287709	-0.869752495
-1.152911614	-0.982163145	-0.9835179	-1.2255065	-0.712062532	-0.578624368	-1.760143662	-0.937780789
0.964214135	-0.086864222	1.755517975	0.667661555	-0.848831149	-1.405306022	0.21458123	-0.966137078
-1.431303475	0.023718142	-1.628660767	0.106832998	0.048431324	1.644860256	0.478134939	-1.263524375
1.558247677	1.200880002	1.033177819	1.664109182	-0.843756342	0.314931032	0.574086662	-2.031689146
0.746026508	1.662554711	0.491629622	1.982881786	-1.475790412	-1.141398352	-1.040269899	0.241930237
-1.672857735	-0.411577936	-0.903552889	-1.607794866	0.934182463	-0.062756876	-0.035040792	-1.188593885
0.196790535	0.616111161	-0.663817527	-0.485447673	-0.435806252	0.935635004	0.171534238	0.337012173
-0.70966424	-1.255628486	0.269368651	-0.528813316	-0.315507041	-0.408877024	-0.396659369	-0.426067395
-0.679045526	-1.534050663	-2.195113585	-0.662319613	-0.569821753	-0.400404074	0.077240601	-1.51443882
-0.230367863	2.637079552	0.823839258	0.377476747	0.628157053	-0.852481441	-0.482690248	-1.674852378
0.072998319	-0.030301175	0.436294605	-0.738460922	-1.343987902	-1.15279463	-2.797275609	-1.775956972
0.895058989	0.473149538	0.724698036	0.02445748	0.119380837	0.494163697	0.027809715	1.107310631
1.212832909	-0.33087808	0.316772812	-0.161487157	-1.409329552	0.295056244	-1.48448217	-0.167731171
1.005637824	1.508969947	0.152114115	2.239879324	-0.449839345	-0.075413395	-0.139706921	-0.195857342
-0.188372534	-1.046028852	0.074150279	-2.00672591	-1.090147668	-0.279031372	-0.75077316	1.314022561
-0.823212316	-0.044142577	0.287488978	-1.274173144	1.541558962	-0.349346793	0.975656243	-1.194866192
-0.25720456	0.251086067	-0.461821204	0.413766763	-0.160486843	-0.817459816	-0.077980101	-1.074251458
1.676504044	1.680084437	0.864851169	1.694582697	-0.043682434	-1.795357984	0.278469421	0.192570329
1.270303843	1.466327756	1.418637821	1.564965161	1.663636835	-0.156093125	1.595185783	1.171673743
0.082237051	1.396660191	0.419875925	0.28612264	1.606990317	1.123592614	0.384251468	1.544399234
-0.559206379	0.941806609	1.249608345	0.184833692	-0.528000247	0.416455776	0.13188342	0.124043183
1.356186129	-0.336787498	1.012601423	-0.406169929	1.129884416	1.681762913	2.017192734	0.201427941
-2.67608101	-3.02158521	-2.615570229	-2.22598426	-0.392457712	0.020037673	-0.03450399	-0.031048876
1.934640469	-0.142761779	1.325220843	1.241303672	0.471123748	0.028580684	2.153341928	0.533431337
1.474526272	0.534939363	1.108581202	1.091150399	-0.33995165	0.12502004	0.142695645	0.497189478
1.54781138	0.728522122	1.590974857	1.416403328	0.472451814	-0.103429269	-0.40809419	0.277295741
0.654791842	-0.152091579	0.205182647	-0.972161907	-0.889396766	0.530456754	-0.090190366	0.245106968
-0.142944503	0.026131413	-0.508187449	-0.702443322	-0.548279393	-0.726993557	-0.222059431	-0.539511064
-0.863400672	0.655212693	-0.094692101	-1.170439647	0.009891605	-0.370496726	-0.4931203	-0.101203597
-0.181307637	-0.445529855	-0.275167982	-1.273398666	-1.424963228	-0.719284907	-1.280203681	0.235581234
-1.462223463	-1.400728925	-0.682608642	-0.975170177	0.107792776	0.659643057	1.204290383	1.094140974
0.051135149	0.037976254	-0.314098826	-0.29384735	-1.229550205	0.154013703	-0.005919204	0.288556804
-0.236538607	-0.052160915	-0.294119739	-1.276451703	0.009938949	0.109463468	-0.818344422	-0.895447432
0.326001272	-0.438696806	0.183065608	-0.045808283	-0.072983001	-0.059609194	0.713315472	0.434982602
0.032462512	-0.950369828	-0.065394253	0.036150835	0.917576444	-0.037417808	-0.31835363	-0.088440766
-0.457741197	0.476778743	-0.691826771	0.961835131	-0.489922508	-0.89442213	-0.606234165	-0.723438016
-0.803673537	-2.050777919	-1.990625169	0.002343324	-1.212182838	-0.343841558	0.321601952	0.605802507
1.00312023	-0.125148077	0.363600719	1.320217452	-0.51074411	-0.052380814	0.47743999	-0.31936964
1.201462963	0.595471653	1.969997389	-0.416538092	1.063252574	1.280497064	0.794581796	-0.482829936
0.653908246	-1.326715758	-0.379767213	0.090450348	-0.226166095	0.506313736	0.322905736	-0.269894957
-1.568526095	-2.364066426	-1.92531228	-1.757125067	-0.531248063	0.927929463	0.709988353	0.694571482
-1.047789925	-0.441210776	-0.749497576	-1.777428177	-0.26016336	0.591469762	-0.917939791	1.148725393
-0.885388921	-0.902623495	-0.101799082	0.052126121	-0.327421956	1.760460525	1.004484132	0.548292871
0.232211064	0.711708856	0.580188226	0.3362878	-1.129471773	1.004126938	-0.261468204	-0.208396721
-0.466219668	1.09653971	-0.106518752	0.82528708	-0.244821671	0.324929836	-0.967133833	-1.545082961
0.333820923	-0.561712891	0.576462412	-0.34898387	0.96891113	1.307020022	0.815437049	1.719973007
-0.20464869	-0.289731444	-0.226061368	-0.253603385	0.323651906	0.328573607	1.274763229	0.041131695
0.477939528	1.024813736	0.61227549	0.502166383	1.977269845	0.709924684	0.593387701	1.374114182
-0.816209102	0.923849278	-0.064053797	0.290677553	1.503396483	0.502003424	0.467953728	0.709363105
0.508131684	-0.428233643	0.120156437	-0.345916733	-1.202422558	-0.685416435	-0.262899288	0.428044037
1.358879526	-0.38800226	0.955639018	1.038539097	1.694697528	1.574993377	0.503511849	1.075661587
-1.676586804	-1.136119196	-0.51471412	-0.38252947	0.326628243	-0.890202148	0.132593092	-1.39150354
1.310668378	0.976715078	1.303051395	0.589675552	0.360753821	-0.954192531	-1.068917217	-1.414920819
-2.346192515	-1.022019488	-2.022745021	-1.235493383	0.470989591	-0.374024208	-1.008184282	-0.174816289
-1.285145217	0.749664346	-0.23332295	-1.036583411	-0.965350099	1.283385032	0.593191597	0.22077014
0.847741408	2.212634117	1.637025993	1.898304535	-0.915891582	0.143938892	2.261512429	0.611177797
-0.743019368	-0.915380599	-1.224662707	-1.113236418	-1.722986121	-1.753296067	-1.967248761	-1.097005678
0.349760842	1.273530982	0.951988764	0.827959243	0.35646525	0.292714166	0.63323835	1.046154306
1.130977484	0.125038656	0.264532495	1.864514236	1.738826584	1.516141087	1.747523773	1.332866379
-0.488681128	-1.091106399	-0.927361522	0.567090901	-0.384303444	-0.58816627	1.055594633	0.368902448
-0.728846276	-0.048575398	-0.070913463	-1.085442996	0.307910261	2.18004791	0.9398325	0.886705401
0.066354829	0.583732585	-0.003843363	0.550415991	1.354091444	1.490274196	1.137477274	1.672016322
-1.287289732	0.242892857	-0.445122762	-0.885477303	-0.33400207	0.188509776	-0.430948913	-1.280948673
1.263315596	0.698833306	0.120839513	1.728928592	0.348400761	-0.696053768	0.631793634	0.606038779
-1.125089537	-0.373141662	-0.603534233	0.799059698	-0.081968884	-0.582001569	-1.237100624	-0.083549343
0.522169651	0.393975205	-0.853647002	-1.153062568	-1.235022176	0.48341916	-1.511216566	-0.170668381
-1.134889351	-0.300702333	-0.26777114	-1.168325081	-0.180574123	-0.88988435	-0.80170869	-1.277434309
2.100251123	0.408098658	0.988425591	1.166379497	-0.831812645	-1.471177852	-0.121477499	-0.99742293
-0.896631038	-1.204624373	0.247139036	-0.452270349	-0.840981462	-0.480475987	-0.829795414	-1.337574053
0.338197536	1.159890188	0.777974776	0.010122839	-0.484716227	0.687582199	1.070745897	-0.083174183
-0.756100616	-0.116786591	-1.537977462	-0.749503309	1.262492784	1.696420357	2.053067591	-0.703118028
0.923340784	1.576770896	1.101518621	0.933796682	0.287008436	-0.660509531	-0.404987668	1.116519656
-1.010973104	-1.615745358	-0.991288217	-1.149830448	0.730782226	-0.182783981	0.332133198	0.988486935
-0.428937736	-0.133377845	-0.534920104	-1.955874756	-1.23691031	-0.406609158	0.005369815	-1.306789127
-2.077664758	-1.571594884	-3.005729997	-0.781198843	0.881347574	1.45960078	0.717982038	0.704017385
0.649529236	0.713699339	0.53004522	0.281921085	1.781790693	-0.399502123	1.176314159	1.005331404
1.114225452	0.419417701	0.131081801	0.614817858	-0.835743265	1.571388452	1.752017615	1.687926597
-1.591106863	-1.217142381	-1.782863402	-0.949528226	0.642283406	0.1548929	0.457493056	1.800284569
-0.061817968	-0.533358344	-0.07289298	0.413008146	0.076056781	0.023301321	-0.084816694	0.208981636
0.832016658	1.170139697	2.265732829	-0.327676851	0.52059453	-0.103354236	0.101479811	-1.044182381
0.596857257	0.219912602	0.589741407	-1.267662749	-0.833748749	-0.495564643	-0.901108602	-0.417923505
-1.215119059	-0.752491536	-1.684794009	-1.775913073	-0.458653205	-0.455591605	-0.932078147	-0.371069811
-0.642241386	-0.583835365	-0.390106778	-0.336013823	0.95521948	1.535671078	1.148023649	-0.325616135
0.381267223	-0.058435198	-1.488524421	-0.792287999	-0.725835004	0.33783803	0.688594733	-0.401936011
0.905194617	0.312446507	-0.131076499	1.568481945	-1.178571288	-1.476485027	0.003612938	-1.898173756
-0.519698949	0.559317341	0.04945561	-0.470435093	-0.154192548	-0.598292092	0.386979272	-0.572187538
-0.485251072	-0.890182386	1.16952136	0.083912173	-0.697727946	0.367738127	0.63415619	-0.575564891
-0.458888199	-0.045836925	0.134689435	0.492256009	0.247102114	0.904417062	1.673066628	1.258383594
-1.177793863	-0.441672332	-0.58281601	-0.579795646	-0.449298525	-0.472994647	-1.447029866	-0.179075859
-0.146498977	1.221142465	-0.583335682	-0.678000607	1.457817733	1.866753951	0.789225232	2.234646244
0.471566854	-0.291760502	-0.153834576	-0.016458478	-0.543428148	-0.681246533	0.03273976	-0.220391553
-1.542852503	-2.111408691	-1.474239306	-1.963223061	-0.00622083	0.672839238	0.07038131	-0.681544008
-0.760930411	-1.035164865	0.299280198	-1.137949889	0.840897611	1.551579799	1.264100031	0.987818538
2.659815502	1.725334982	0.693597118	1.731394987	-1.558850338	0.440412254	-1.122580225	0.753044943
-0.027856552	-0.437187778	-0.460646657	-0.714026767	0.778289075	0.84140683	0.665706473	0.787416559
-0.216729827	0.721994024	-0.317571619	0.092172199	-1.500264187	-2.211734585	-1.778892245	-2.381117955
0.10983939	0.234790809	-0.186031453	-0.453799608	1.212799942	1.15757318	1.790263807	1.474795282
0.72125654	0.138310901	0.401531321	0.974429189	-0.00463965	-0.52814084	0.569412566	-0.875161008
1.008742671	0.617721445	0.198725855	0.165617265	-1.785443157	-1.13704395	-0.371905398	-0.491819759
-1.039716451	-0.779110755	-0.371081871	-1.087761991	0.187306269	0.294573992	-0.253161526	-0.812107583
0.240959174	0.371938402	0.240699455	0.460466425	-1.243447884	-0.488522657	-1.137476302	0.120419358
2.879726646	1.536602017	0.365607385	1.11951166	0.100807735	0.303967301	0.60004961	-0.155203194
1.086859234	0.550324387	1.393256866	1.748600998	-0.378306187	-0.484151933	0.334366662	0.653913695
0.905038869	0.257082575	0.540750667	0.074656018	-1.272311328	-1.154765198	-0.659869933	-2.029826531
0.112698411	-1.104072767	-0.503763227	-0.780444954	-0.464486406	0.665316968	0.018429472	-0.298327786
0.333604871	-0.793681064	0.009667498	-0.268649042	-0.042715263	0.157417936	-0.029184907	-0.369101224
1.209207046	1.002625489	1.774308107	0.071158465	-2.536917713	-1.748879979	-0.685127826	-0.666797087
0.748897688	0.709347958	0.163363396	0.651305799	-0.303800099	-0.881117912	0.128548062	0.736785623
-1.413645289	-1.166338249	-1.050833022	-0.595538978	1.423080149	0.417379888	-0.257504527	0.691229175
0.649809006	-0.626045526	-0.397336514	-0.115944222	-0.723425544	1.321601943	1.67508193	0.004392891
-0.9873023	-1.092104242	-0.756517816	-0.9450228	1.122491698	0.929538729	1.830823873	0.432287741
-0.442204625	0.690361756	-0.780564029	0.018076757	-0.714565409	0.526919396	-1.195964917	0.002932132
-0.299304817	-0.385848568	-0.028927841	1.26590611	-2.267886359	-1.728939581	-2.413721922	-3.203030428
-0.005869513	-1.119019592	-1.517963672	0.69162245	-0.803824352	-0.54346577	-1.630252989	-0.095688109
-1.639689195	-1.565163279	-0.569438622	0.175008381	-0.021720022	-1.06395683	-1.185948316	-0.024863816
-0.858860535	-0.503396772	0.071564918	-0.645716918	-1.110800884	1.295646181	0.455184095	-1.226563816
-0.492228019	0.910889272	0.3456586	1.19022974	0.551536906	-0.548497399	0.165571796	-1.954380597
0.434851557	0.085464699	0.44750285	-0.772346481	0.137409339	-0.508190351	-0.775167081	-0.938477583
-0.220446566	0.426473049	0.033992962	1.538458166	-1.800923177	-0.376950598	0.429473689	-2.517276213
0.643561212	0.739548957	1.150966625	0.351227191	0.752643162	0.875846023	0.042422785	-0.350328119
0.06985403	0.012430166	1.356399535	0.202109844	-0.558187253	0.553091428	-0.043067734	1.116383638
-0.364203876	-0.204565112	-0.677558356	1.117811609	-1.01727762	-0.47140017	-0.89445136	-0.256647769
-1.485789485	-0.672314257	0.557554384	-0.835353172	0.777702907	0.2188048	1.209013873	0.064523337
-0.638191565	-0.026579123	-0.497579936	-1.388332742	0.893797236	1.265542581	1.227833822	1.502013708
0.827371545	0.901593143	-0.600211089	1.164476573	-0.908311692	-1.289544901	0.680462162	-1.280714969
-0.411807893	-0.81553426	-0.012052803	-0.227347363	0.758030728	-0.581555304	0.187719739	1.475338859
0.289157332	-0.228948495	0.100971276	-0.074645204	-1.203059574	0.706159559	-0.699164122	-1.098801549
-0.064754555	0.294681251	0.072517668	0.703507959	-1.489236137	-1.643221529	0.090514792	-1.230025242
-0.097413447	-0.491244603	-0.90758199	-1.090786081	-0.495846321	0.420911221	-0.603846208	-0.136701137
0.069300319	-0.872213266	0.495755394	0.039304293	2.168161229	0.706634295	1.910433603	0.41368172
0.209835164	-0.051575945	0.566062966	-0.125654836	1.271533424	1.150651483	0.129847264	-0.646879785
-0.917027288	-0.471870357	0.415088835	0.158484182	-0.27235939	-0.189245604	0.968092197	0.115411297
-0.074985602	1.116613948	-0.301595806	0.982494927	-1.65183093	-0.93072586	-0.377914614	-0.895821662
-0.655526735	0.016466483	-0.500348578	1.191502274	1.444383424	0.044723801	1.97965228	1.555881129
-1.214488511	-1.1510243	-1.015657879	-0.769812269	-0.13283387	0.902689947	-1.130948763	-0.386692572
0.589509292	0.354698146	0.430102807	0.406848583	-1.228859118	-1.002392585	-0.851269633	-0.735199807
0.688660942	1.324288522	1.979663614	1.227324038	-1.384960077	-0.622034346	-1.520749567	-0.18313125
0.581402508	-0.346211616	0.264533466	-1.12810171	0.024240658	0.828801177	0.607024084	1.321495583
-0.343234017	-0.424991412	-0.977797588	-0.63043687	0.228867381	0.197241835	-0.431283655	0.010843635
1.333087284	-0.29602542	2.859863307	1.311974389	-0.984595239	0.514450575	0.440765341	-0.748969662
0.479867429	1.15760581	0.740440607	-1.202097899	-0.55414647	-1.242473341	0.014604725	-0.534942671
-0.239754199	0.024596665	0.471551492	-0.715889426	0.825598702	1.112648299	0.893625666	1.511699621
1.428014759	1.941686948	1.323496917	2.031105597	0.546069874	0.301383385	-0.375394562	-0.965707
0.10318988	-0.045651307	-0.436838182	0.051294148	0.968970963	0.4869867	0.524199899	1.713772648
-0.16067668	-0.014194271	-0.647302965	0.091868605	-0.413650144	-0.329682597	0.999964664	0.267684667
-0.656368268	0.834309866	-0.674823719	-0.885042316	0.030121045	-0.340573371	-1.993716509	-0.688084477
0.684281188	0.448753341	-0.079713833	0.111093182	1.541602981	0.465157179	-0.311752479	0.540016262
-0.160673181	1.389354845	1.865524218	0.231841332	-1.615009994	-1.447749825	-0.540199934	-0.20197037
-0.12022231	-0.739606352	-1.129733865	-0.080975208	-0.002316567	-0.584923076	0.878148527	0.494865639
1.827814257	1.169802517	0.977043216	1.239903498	-1.930869389	-0.927056889	-0.215059423	-1.43640685
-0.015583042	1.335874715	-1.543266669	0.409801009	-0.218991619	-0.031720838	-0.693306097	-1.838704351
-1.612250225	-2.469521411	-0.312733689	-1.101475959	-0.536813411	-0.151599755	-1.181144296	-1.972466904
-1.51679678	-1.083563339	-1.293016881	-2.26310617	-0.639820977	-0.98039091	-1.790767211	-2.202638906
0.367571316	0.414833718	-0.022641991	-0.729183877	0.428192799	-1.410829111	-0.114323312	-1.155231865
1.243417359	1.944922778	2.16471247	-0.490885885	-0.172256615	0.333762899	-1.59146974	-1.316588415
-0.752808073	-0.50249547	-0.463202416	-1.5672137	-2.019885751	-0.783281071	-2.036710665	-1.27935825
0.264228773	-0.541696403	-0.427900319	0.816199399	1.875362755	-0.500269862	0.119470508	1.150199684
0.213403546	0.887074199	0.751376681	0.653235913	0.091214626	0.13175083	0.976572249	2.515684387
-0.062191596	-0.459119227	0.43707477	0.509481557	-0.714174042	-0.565474624	-2.068746275	0.566698388
0.226272341	-0.96919935	0.019701284	-0.221573923	-1.192185011	-1.739473056	-2.197773383	-1.314561645
0.061055899	0.284674667	0.960395924	0.40567489	-0.24970386	-0.082476408	0.626440984	-0.986830543
0.342009596	-0.040222578	-0.572350416	-0.316891145	1.723435998	2.441195592	0.049539758	0.245799839
-2.785561734	-2.560542004	-1.629684049	-2.09217383	0.336484326	-0.178377354	0.617069623	0.008420742
0.175565405	0.50850371	0.324922051	0.322879262	-0.385707263	-0.179607876	0.068340449	-1.616294896
-1.544563767	-0.872050509	-1.004077281	-0.280829073	-0.006446263	0.664030286	0.022824002	0.939474126
0.182829905	-0.508499077	-0.569548739	0.6418979	-0.78376821	-1.103735356	-0.083634951	-1.422804032
-1.708161738	-1.948091303	-1.465975623	-1.547765461	0.176484913	1.550675802	0.00238077	1.46667602
-0.822668116	1.100376549	0.834618574	0.484560451	1.275062604	-0.151765853	2.192744307	-0.483717718
-0.158366541	0.46985801	-0.836552882	0.518869302	1.397332994	0.882736926	1.316896044	0.638711073
1.036024687	0.795229261	0.581137106	2.115737904	-0.212604453	-1.29937875	-0.759885527	-0.886742941
-2.568344814	-1.29149957	-2.588743042	-1.855149702	-1.682964277	-0.083953596	-0.139287776	-0.748887942
0.256702611	1.649554084	0.383769429	2.158231546	0.485375641	-0.191927041	0.485277053	1.391342733
-0.512459727	-0.281164803	0.074695543	-0.019294666	0.181818415	-0.480413735	-0.63794626	-1.079079793
0.965745392	-0.800830701	0.335264574	0.426819944	-1.899420528	-0.094716969	-0.830523851	-1.259736401
-0.528485536	0.070602582	-0.333824347	0.517906363	1.488355436	1.141703923	1.274075226	2.107770258
-1.45740502	0.397365466	-0.917540412	0.363700161	-1.621158007	-0.717972844	-0.766876319	-1.562549795
0.817103766	1.241362111	1.490389943	1.034296108	0.127576834	-0.789476155	-0.028617227	-1.21259393
0.281157549	-0.838559287	0.108619479	0.806627986	0.064225594	-1.587831191	-0.766744956	-1.015802423
-0.232078357	-1.231148675	0.041499511	0.349045272	-0.249279781	0.222246838	0.545393244	0.114693056
-1.018686196	1.142829088	0.575131502	0.62085302	-0.46620064	-0.872484895	0.102401423	-0.137814684
-0.658859192	-0.846236559	-0.675515273	-0.090662095	1.49880907	1.732064748	0.284199493	0.518116673
0.503155898	0.243261883	1.117224874	0.160457057	0.025984958	-1.688066909	-0.899139254	-0.398307524
1.780732731	1.124938491	-0.15252344	1.927579403	0.282013534	-0.458943227	-0.101241026	-0.113198432
-0.379236342	-0.543702331	-1.125681989	-0.129170324	-0.108836944	-0.117591224	-0.219914998	-0.159854951
-0.234807213	0.847227433	-0.696980614	-0.46185433	-0.821760763	-1.139729649	0.187615062	-1.122706817
-0.144714379	-0.876464584	-0.940961474	-1.317863967	-2.15888239	-1.288797737	-1.850084847	-0.281571439
-0.82986706	-0.378450874	-1.353954145	-0.794994196	-1.165879663	-0.303435116	0.68063375	0.085855952
-1.085616038	-1.062134393	-1.035783247	-0.913594744	1.422614919	-0.424568203	-0.321102645	-0.61076045
-1.524982263	-0.253033353	-0.14093039	-0.570012835	-1.437702828	-1.076715315	-0.107113831	-1.452898778
-1.239400952	-0.851552385	0.287273486	-0.881896304	0.358101124	0.050259809	-0.581664809	0.557779104
-1.472457078	-0.091756298	0.076912596	-0.030011871	-1.090047496	-0.408709312	-0.625999195	-2.182197261
-1.16245062	0.184130494	-0.521934317	-0.37299109	2.285574715	1.296958343	1.602823904	1.321194603
0.499970825	1.152264932	1.581624879	1.262474645	-0.490353305	-2.056778813	-1.675527466	-1.380108679
-0.886687104	-1.094156307	-1.775126353	-1.212817333	-0.084935002	-0.969923971	-0.004248703	0.490205707
0.486351804	-0.129864117	0.430889141	0.955828566	1.345568773	1.451906027	2.19374155	0.266586064
0.145978362	0.084124573	0.40890834	-0.799798575	-0.573224015	0.354059916	0.303444061	1.313263475
0.580205143	-0.010191779	-0.132798119	1.282301374	-1.973591012	-2.144411201	-0.717448902	-1.474160855
-0.492273396	1.522796719	-0.108984847	1.451826752	0.429906304	0.120779706	0.369709867	0.515131467
-0.110475039	-0.029497641	-0.81304957	0.292924113	-0.387871405	-0.152250569	-0.988673374	-1.007962498
1.908039352	2.202231672	2.438495431	1.18976529	-0.832077174	-1.157535578	-2.903628777	-1.853091644
2.056614557	0.959979574	1.430254509	0.825567636	0.363098871	-0.316423616	-0.339567312	-2.144170048
-0.431291842	0.125328134	-0.226834232	-0.71600057	0.538446956	1.453531032	1.189703182	1.01711404
1.124797981	-0.388078631	-0.196663504	0.055177989	0.367185089	0.024565501	1.093042646	0.44175683
2.029907045	1.263245268	1.717147648	0.710116546	0.156779821	1.285529569	-0.895612912	0.158083619
-1.562527269	0.54859601	-1.439453894	-0.78764844	-0.0754634	-0.391122558	0.85058742	0.282055327
-0.971157864	-0.117278877	0.107027381	0.430581617	-0.108506896	1.115811155	-0.097610177	0.489265292
0.827389904	1.003367924	-0.089147877	-0.966693146	0.169410063	0.270445913	0.510815486	-0.236154342
-0.153943537	1.034815885	-0.933228446	-0.18215178	-0.623241591	0.07555433	-0.30580789	-0.96660981
-2.184670842	-0.616742394	-1.674639397	-1.178606127	0.078596108	-0.947422888	-0.838820439	-0.618990441
-0.09407928	-0.138625641	-0.026822429	-0.389411398	-2.253871271	-0.860581315	-1.388648565	-1.268530805
0.027079399	-0.333020289	0.712973025	0.329364739	0.950219906	0.540855154	-0.043103448	1.428454975
0.461714279	0.03263342	-0.232874145	-0.714782807	-0.763776833	-0.806321277	-0.411644082	0.085059464
-0.30601529	1.181526221	1.459823729	1.269992824	-0.366683707	1.264369457	1.799170268	0.722575879
-0.542258709	-1.241999684	-0.348980543	0.140461437	0.255601062	-0.946554593	0.752519291	0.396875191
-0.699661872	0.165392425	0.550117353	0.118386634	0.389390313	0.745681781	0.96898679	0.06984328
0.604868556	1.319720327	1.044136111	-0.310437125	-0.608766299	-0.400120414	0.372773633	0.3944909
-0.714167087	-1.440159702	-0.940053275	-0.535425685	0.257245263	0.256181046	0.943578352	1.427314242
1.064613827	0.383588305	0.047136417	-0.588259814	-0.91915158	-0.055612035	0.723062262	-0.623215526
-0.754329901	-0.585512661	0.846994913	-0.708913563	0.052692905	-0.653435949	-0.291368799	0.746726265
0.286736006	0.041859348	0.6936498	-0.041383859	-0.139042956	0.342057275	-0.813531836	-1.228912692
0.314944975	0.45399237	0.442504367	-0.222394948	0.41506251	-1.620860098	0.775945383	1.427050619
0.137566584	-1.594203114	-0.303529332	-0.500623758	1.638415404	1.581005177	0.548651699	0.192839646
-1.463988538	-0.639229721	-1.395606791	-0.010194023	-0.082424999	1.156880591	-0.123692171	-0.125893514
-0.246844035	-0.618625103	-0.472392643	-0.164720406	-0.622811742	-0.227025509	0.149520384	-0.247407102
-0.650800303	-2.382755019	-1.521195438	-2.792273447	0.690967662	-0.661592682	-0.098904226	0.383020298
-2.373399209	-1.945772724	-2.360511122	-2.719117527	0.167574045	-0.552819586	-2.616921051	-1.199815415
-0.985560148	-0.870765289	-0.992117971	-0.088053468	-0.99388632	-0.091968379	1.938168269	0.811716494
0.652880216	-0.353751008	-0.14819409	0.888497124	0.360902319	0.5667285	-0.640965845	1.330839018
0.092128713	-1.963572096	-0.046326657	-0.518843811	-0.643365701	1.236302455	-0.120974375	-1.488588098
1.042177667	1.411068672	0.778048772	-0.297553417	-0.65529075	-2.118721629	-0.078789895	0.096796204
0.512139156	0.716968237	0.301640756	0.997471867	1.255513606	0.832953491	1.004340543	0.751161468
-0.300518637	0.02545523	-1.049624363	0.58693234	0.52499114	-0.353761297	0.1778779	0.019447472
-0.205437846	-0.93670839	-0.11554658	-0.941265232	0.471847386	-0.484933868	-0.177523587	-1.049639613
0.605037187	-2.090898495	-1.592960173	0.209789126	-1.768931197	-0.533953988	-0.791882155	-0.568060708
0.237927722	0.891169298	0.387226433	0.533033751	-0.076179527	-1.095653639	1.756244774	-1.103167968
-0.735084628	-1.390130153	-0.957316826	-1.49283933	1.044338825	-0.119431976	-0.492287474	-0.89059269
-0.441722206	0.051906177	0.467930028	1.05366581	1.416819	0.689857746	0.305444948	1.249423911
0.291747651	-1.396564748	-1.254164292	-0.333484142	0.70333382	0.834268561	1.383084492	1.067114755
-0.013614105	0.595442515	0.189217876	0.35063701	-1.227729327	0.879419844	0.103693611	1.398440325
0.295080718	-0.061355109	0.089183786	0.516775301	0.146457559	-0.504471094	0.133318713	-0.544637961
0.275608992	-0.646459907	1.081306295	0.045620327	0.950639281	-0.563528101	-2.195612881	0.277841464
0.246294294	0.064201728	0.124812007	0.925069287	0.037107581	0.157476716	-0.830596618	0.492166038
1.003422653	0.228233249	0.805033606	2.000776498	-0.728469138	1.160390028	-0.801955246	-1.019328717
0.329165357	-0.571454428	-0.046759403	0.760281027	-1.646925983	-1.183080658	-1.566221396	-1.052413472
1.251013085	0.786148016	1.579983915	1.57726346	0.478439527	0.161690202	-0.599874696	0.307368171
-0.456750835	-1.223896955	-0.495633046	0.391790136	-0.934533279	-2.878373955	-1.385970202	-1.48898856
0.896803031	1.45855347	-0.213301445	0.288582871	-1.446289331	0.436380614	-0.297682257	0.002042749
0.256949979	-0.026517096	0.099240532	-0.280713323	0.844717358	1.007578633	1.069445226	0.822405476
0.207104165	-0.239684675	-0.344501806	0.177154123	1.305708226	1.337791661	-0.109376783	0.998410324
-0.917101408	-1.464682131	-0.267227196	-1.316548782	1.532941098	0.066118312	1.054962019	-1.144187245
0.633918018	0.556708559	0.320170405	0.345550885	1.006451546	1.280753123	-0.609563755	-0.287596413
-0.237548583	0.258636411	0.060242577	-1.058956484	1.165105962	1.013215934	-0.56050209	-0.643537518
-1.893792885	-2.651529672	-2.695033155	-0.973501445	1.1033913	0.212802623	0.594362254	-0.291139538
-0.481088677	0.151397431	-0.976686692	-0.680775801	0.232181626	0.576630522	0.618478607	0.563030548
0.731028784	1.022552574	0.195871784	1.796243615	-0.643707575	0.266860026	-0.738018202	0.103554165
0.647154531	0.536721859	0.609129616	0.111331721	0.220730312	-0.504367772	0.316506294	0.303374948
0.437958332	-0.250389377	-0.424399287	0.112065472	0.653791883	-0.973825612	1.352686354	1.381580125
0.886404554	0.633802473	0.269393583	-0.041732708	-1.051527989	-0.27882505	-0.105877695	-0.467503613
2.479624243	1.006177314	2.060421524	2.266338256	1.16148139	0.135115129	0.705105875	0.900410302
0.321870604	-0.22352794	0.255454258	-0.040906243	-0.691629155	-0.996094823	-1.095838224	-1.281050082
-0.538318179	-0.226080214	0.201488482	-0.108145326	-1.293005567	0.082509662	-1.413718811	-1.850841419
-1.494515247	0.350758628	0.632541702	-0.709201736	-0.126655434	0.491720867	-0.605545115	-0.343751137
1.683933142	0.171131784	0.179711475	1.716742798	-1.29889721	0.006880147	-1.31217217	0.138458666
-0.878632023	0.997885233	-0.08255933	0.162141805	0.527807829	-0.579895563	0.416147703	-0.118677615
0.234450263	-0.903411099	-0.92615965	-1.24381349	-0.170998032	-1.631835994	-0.036148126	-2.173022397
1.658999148	0.667345749	0.488223017	1.394674615	-1.442736418	-2.250201202	-0.152567459	-1.050475567
-0.601671619	-1.083859094	-1.059677266	-0.311516352	0.840642923	2.798133628	0.023915835	1.923029967
0.128291214	0.071675261	-1.464984501	-0.405476681	0.022652765	-0.547040578	-0.46299189	-0.389341947
-1.010298738	-0.663788315	-1.471037362	-1.289395903	-0.401168203	-0.503335003	-0.073438999	-0.144312941
0.552891087	1.444695915	0.497446897	0.609657379	0.346899159	-0.117338954	0.014922844	0.040875797
-2.088593621	-1.573459783	-2.926862268	-2.870707775	1.127308212	1.5347149	0.972661799	-1.623587079
0.352687186	-0.6500644	-1.416982401	0.080249453	0.556543648	1.074488054	0.716531843	1.22367955
0.594482593	-0.052909199	0.041273194	1.358944651	0.900417734	1.468726632	1.166474697	0.267550166
0.327422187	-0.436009933	-0.943166471	0.832295388	0.144489363	-0.928020153	-1.650141161	-0.312773733
0.074321232	0.630214347	-0.702315029	-0.1755047	-0.425385382	-0.6167647	-0.326886364	-1.227158917
0.303699001	0.138032919	0.406653531	0.633177906	-0.977960358	-0.194831258	-0.108133195	0.208194503
0.108789232	0.481608114	-0.14040105	0.27442231	0.131954356	-1.061784863	-0.002884835	1.273902264
-0.926380196	-1.618650399	-0.738728466	-0.90526302	0.834429872	0.251806327	2.089572408	-0.491240639
-1.605880008	-0.346845947	-0.414336004	-0.646718985	-0.935071524	-1.733388198	-1.630868243	-2.273238561
0.682973071	0.048224798	0.002556838	0.710055355	-1.988589201	-0.802717231	-0.709529881	-0.721763975
0.17192055	1.08006002	0.317684663	0.366141043	0.7466997	-0.398842689	-1.458389081	0.16985271
-0.780801416	-1.094681484	-1.478806845	-0.580507322	-0.801641074	0.119221161	0.98149284	0.946132855
-1.690148597	-1.286891348	-0.470112587	-0.13901138	0.183972273	0.50241373	-0.514003247	0.533526261
-0.493598144	-1.092676887	0.027579509	-0.511615842	0.388370948	1.412405217	0.230522137	1.030966207
-0.459119406	0.037299582	0.165584951	-0.443886202	1.237210687	-1.523305279	-0.371093743	-1.270961773
0.81899507	-0.694899237	-0.00976741	-0.144171439	-0.08196968	-0.950448943	0.477639308	0.604654664
0.704084962	0.765391011	1.823528352	-0.074105925	-0.676492574	-1.226043881	0.437584936	0.2125736
0.622926618	0.945995161	0.716942186	0.258745333	0.173658751	0.737238228	-0.747693566	-1.402795763
0.137686633	-0.023792917	1.136809129	0.766487642	-1.789624298	-0.686584455	-0.155215277	-0.56333121
0.036825363	0.317270955	-0.866360156	0.135717937	-0.957541316	-1.538625417	-1.425820975	-0.507121646
0.915950972	0.09349722	0.276401154	0.029080922	0.47094121	-0.354710084	-0.46236719	1.41848984
-0.79095304	0.530181186	0.019890037	-0.902414947	-0.160634608	-0.161532569	-1.263956205	0.574444519
0.236653326	0.135477979	-0.512716095	1.058240755	-0.764410541	-0.435831526	0.03141288	-0.08807846
-0.237980954	-0.026211867	0.311094811	0.357826501	-1.505567779	-1.918048244	-0.821966566	-2.077226274
0.484915244	-0.562671111	0.101703746	-0.718721467	2.184532479	1.513735774	-0.282003834	0.342757483
-2.324580307	-2.175624067	-1.214003573	-1.035843033	0.119246795	-0.450794545	0.672837806	0.05149251
0.02172302	-0.558509918	-0.689176107	0.125481821	-0.826143743	0.80001303	0.19794725	1.268833446
0.936137678	0.613334832	-0.566280845	1.003756708	0.590037037	0.208933744	1.462672671	0.228104898
0.108895026	0.801510257	-0.843227893	0.571571298	0.834152996	0.104910216	0.479557427	0.299158213
-0.331727778	0.569767482	1.766535124	-0.071067566	-0.360266293	-0.446370115	-0.632081527	-1.130665075
-1.021860918	-2.107784792	-1.028138371	0.063890681	0.688451203	-0.244939528	0.655063337	-0.404181685
-1.721687506	0.401720626	-0.740947363	0.125121311	0.875810418	-0.211656232	-0.599017573	-1.408750073
-1.138937725	-1.488878019	-1.202269167	-2.119985884	-0.608358018	0.603555753	-1.56511739	-0.586358336
-1.423604202	-1.233066667	-1.237141005	-0.818836266	-1.551930919	-1.785313733	-1.817973051	-0.907479668
0.182683059	-0.442282012	0.304049008	-0.506153717	0.119144413	1.276268051	1.124781374	0.729657122
-0.20387576	0.429176568	0.471404052	0.327092868	-0.900111157	-1.114844183	-0.556079356	-0.699509143
-0.970648698	-1.630431623	-2.062523953	-1.678750222	0.244070885	0.418650796	-0.833927822	0.386142425
1.39860259	0.232050892	0.009344712	0.533183257	-0.297302457	-0.593182996	-1.341116121	-1.454040128
-0.954880988	-1.408192274	-1.394028932	-0.96771347	-1.628765256	-1.041425783	-1.315081939	-1.834826065
0.166167374	-1.411603878	-0.468572236	-0.640891457	0.740023646	1.071845672	1.770287745	0.678574638
-1.812346061	-0.818832295	-0.193371674	-1.434992766	0.583241355	0.301250223	-0.355328388	0.64879503
-1.454128132	-1.030958664	-2.371681035	-1.678633299	0.908205415	2.129133237	1.539787754	0.000328248
0.861152665	1.24378411	1.429526452	0.666312099	-0.593458783	-1.779974207	0.817098276	-1.41155714
-0.13523625	-1.016328386	-1.219470789	0.591973697	0.55036402	-0.538025409	-0.452621814	0.090457928
-1.904970709	-1.292401279	-1.519080502	-1.10625753	1.013221966	0.510939308	-0.361450214	-0.859900393
1.027831055	1.723255258	0.548430351	0.048912633	-0.71649798	-1.323072801	-0.536962461	-0.336454742
-0.611677228	-0.401881471	0.802619491	-0.497829571	0.09553363	-0.466254496	-0.792075339	0.41731373
-1.198718809	-1.370133661	-2.333454805	-1.618573829	-0.089095965	0.715527946	0.475235321	1.552248864
1.096198116	-0.08817808	-0.060400041	0.231626623	0.258398291	-1.006093162	0.85750293	1.156785609
1.541105704	0.796748598	1.394291374	1.645778241	-0.826736627	-1.185430127	-0.596234807	-0.543608851
-0.269993351	-0.660087477	-0.959771259	-0.520848131	0.743266961	-0.32587099	-0.699236865	-0.606657687
-1.324462868	0.344526834	-0.026343253	-0.322736392	-0.003961758	-0.20502487	0.629721366	0.345490248
-1.690394005	-0.603486175	-1.105674143	-2.037641829	0.135497241	1.843694392	-0.297431787	-0.875599994
0.543785043	-1.131121259	0.0255219	-0.468625836	-0.590057265	-0.092262018	0.674729525	0.29111255
-0.300211408	0.954243127	0.506724286	0.633624601	-1.02382299	-1.596855492	-1.132813656	-1.334302354
-0.183428017	-1.291495576	-0.628117648	-0.432918705	1.783799783	1.102741393	1.390207767	1.175811014
0.301595425	0.508776512	1.237212811	1.191228087	-0.420837532	-0.728359562	-0.699821817	-0.391957698
0.857912606	0.541035997	1.599793362	2.708688045	0.129699496	0.471982509	0.433916966	0.85407955
-0.646118123	-1.288736095	-0.949518732	-1.1754735	-0.574274841	-0.80709678	0.321682009	0.361956232
-0.432733589	0.442387721	0.728955842	0.738545866	-0.040095813	-1.25715667	-0.794296181	-0.958009744
-0.136900899	0.089959967	-1.051096765	-0.330185938	-0.069532816	0.589430446	0.244186688	1.730831374
1.793396693	1.628921121	1.871706377	1.989957765	0.302322046	1.971760699	0.206672925	0.16939766
1.553573049	2.218800554	1.843278257	1.7840381	0.520476235	-0.208717653	0.174709916	0.90984498
-0.463555054	-0.383162098	0.198652063	0.567903343	-0.035574809	-0.981105633	0.323531676	-1.084862352
0.382080997	0.527440558	1.016016621	-0.648583806	0.747194227	-0.105110984	0.678216014	-0.201265632
-0.222752863	-0.135810742	0.350238835	0.475293624	-1.073490189	0.084090505	-1.009980166	-1.599770976
-0.983097808	-0.692642683	-0.283920489	-0.104270961	1.391975477	0.933409058	-0.428415165	0.820467747
0.911986565	0.489948823	0.839124509	0.824321964	0.425477041	0.04252865	-0.69372413	0.877579157
-0.039729589	-0.468151402	-0.488132101	-0.66412799	-1.240681668	-1.892338481	-2.035346571	-1.470980208
0.118770037	1.492514762	0.945883093	0.031432509	1.214856248	0.700859886	0.230280002	-0.271074418
0.80555725	0.262278975	-0.255725215	-0.098590294	1.592829383	2.408945625	-0.240611944	0.525144141
-0.329743013	0.388023945	-0.773612815	0.47096857	-0.107578435	-0.689585218	-0.734738988	-1.305408769
-0.116798697	0.555445863	-0.421596697	-0.176292312	-1.199094635	0.243434653	-0.785837175	-0.504159766
0.961531866	-0.152118829	0.527744929	0.219842222	1.115032498	-0.251471673	0.303618737	-0.091479016
0.175228969	0.182179246	0.812374451	1.748679969	-1.151384403	-0.871505064	-1.00793716	0.089318555
1.421981573	0.985211602	1.789846645	1.496597839	-0.62831279	-0.396416153	0.08041904	0.306605869
1.197526271	1.307623605	0.61484232	1.445229141	-0.740733471	-0.436089481	-0.622899151	-0.261701537
0.346939576	-0.602144567	0.693896388	0.132869147	-0.189854432	0.696202325	0.400496968	1.729694338
-0.947022633	-0.34692705	0.067468083	0.553318342	0.713698765	1.16147102	1.129247778	1.68137898
-1.511617656	-1.193247145	-1.303631103	-2.024135724	-0.619618533	0.267522954	0.008529754	1.014201248
-0.175973092	0.465951523	-0.079818779	1.00826939	-0.708106205	-0.025038954	0.500831298	-0.019181943
-0.963508698	-0.767765197	-0.286281564	-0.68966291	0.007259903	0.039893253	-0.396248024	1.171253892
-0.307283215	-0.172658236	-0.859654743	0.816620411	1.214720523	1.002829508	0.247027415	1.218718583
0.617265186	0.616893778	-0.072985488	1.273817527	-0.611814365	0.223271015	-0.771420631	-0.646926887
-0.592332404	-1.218557616	0.011342504	0.47906671	0.882211364	0.086019583	0.648369936	0.11586787
-0.690234388	-0.307124914	-1.06516411	-0.301872684	-0.60745743	1.384136522	-0.197903051	0.265809419
-1.030694699	-0.310978136	-1.323028808	-1.508853556	-0.468422139	0.132127131	-0.089213068	-1.556218333
-0.293412133	2.746664789	2.35074674	1.710051557	0.660824014	0.680453111	-0.283651388	0.533358614
0.757203129	1.291566075	0.221868618	0.097065376	-0.00833446	-1.15671765	-0.568893837	-1.018033261
1.057740489	1.048442468	1.237952056	0.392757453	-0.882457659	-0.756635223	-1.511095754	-1.177978359
-0.183528272	0.620545618	0.267655091	-0.655354535	-0.845328814	0.312106312	-0.464481064	-0.610315073
-0.049417955	0.126324516	0.270082435	-0.665646113	-2.260622481	-0.268585672	-2.244142016	-0.542164685
0.077378135	0.333621428	0.531853082	-0.71660718	0.092575528	0.385183557	1.616527181	0.52393282
0.049130486	-2.012919716	-0.80980195	-1.297350088	-0.847832516	0.453657624	-0.021541047	1.016409009
-1.127103884	-0.969669081	0.035748371	-0.796929311	0.812689473	0.311587596	-0.195785452	-0.589141433
-0.043827592	0.751577177	-0.133602015	0.372049386	2.917862661	0.828174307	0.142862582	0.056723162
1.569423415	2.03658999	1.99881063	1.860224296	-0.625983696	0.314964223	0.126255191	-0.227894862
1.424652744	0.326000256	0.9424859	1.602612041	1.981394569	0.428218606	1.199378269	-0.200758323
-0.440635377	0.382618383	0.089443992	0.320597849	1.87220938	0.090734198	1.229945152	-0.380481229
-0.474820218	-0.816351387	-2.68619563	-0.780930526	-0.084437028	-0.502995481	-0.181164965	-1.362173502
-0.662289276	1.064204384	-0.562829342	0.586690075	0.798759172	1.621768833	1.15401316	1.17273014
0.765943034	0.318621714	0.605733178	0.550556088	0.039481331	0.523043758	-0.082153851	0.581459733
-0.33162343	-0.304759778	-1.382685302	-0.209421329	0.159295389	-0.484096429	-0.753898225	0.458777324
-1.786491166	-0.442711568	-0.923411374	-1.5314039	-0.465761028	-0.154658111	-0.339094951	-2.964766514
0.412911458	0.64179903	-0.578587093	-0.600437969	-1.497117042	-2.363254511	-2.350222519	-1.660638296
1.581540533	0.659764397	0.708451639	1.333563419	0.004693142	0.378705643	0.594682717	0.345144261
0.164424698	-1.068406078	-0.011527188	-0.472899585	1.249615271	0.716261739	0.113000462	0.836620248
1.446969991	2.297331321	1.635236401	1.403994852	-0.427391974	0.460255629	0.316737726	-1.783397766
-1.369192468	-1.856271111	-1.473321584	-1.833020555	-0.405950358	-0.498646476	-0.629939991	-1.360214196
-0.4544784	-0.253664924	-0.288985962	-0.53520864	1.25573173	1.406504456	1.193794158	1.864624258
-0.385252999	0.17207634	-0.301614011	-0.438031338	1.51705709	0.920147638	-0.127004078	0.187536685
-2.074896655	-0.048011587	-1.269579204	-0.435951286	-1.407191903	-0.689605922	-1.305191929	-0.452342622
1.808790806	0.265472729	2.604161103	0.9067068	-1.027842407	0.239443629	-0.476106933	-1.341516037
1.168198855	1.050483211	0.824300112	1.831044607	-0.976072759	-0.013072186	-0.346289165	-0.300674002
-0.111181363	-0.283217935	-1.212442537	-0.454162297	-0.07363243	-1.245924139	0.016102393	0.265751426
-1.226353165	-0.993859169	-1.730238938	-0.511631611	1.230955971	1.823201389	1.061882696	1.354364027
0.569386812	1.175278355	2.182290442	-0.495225308	-0.245709625	0.341143871	0.573328135	-0.253555479
-0.234987024	0.192826072	-1.128269895	0.171671304	0.984046408	-0.174541231	-0.045364395	1.088176725
